11
18
0
20
1
7
16
0
5
0
2
0
2
2
1
10
0
5
9
0
3
0
2
9
5
7
20
23
0
7
4
0
3
12
0
3
3
1
23
11
39
0
7
13
0
3
9
23
9
2
27
0
7
10
38
0
4
26
0
3
14
0
3
3
1
27
15
0
6
0
2
21
0
3
10
21
4
20
51
0
7
28
0
3
10
10
1
22
0
6
21
15
25
0
5
70
0
3
14
38
45
0
5
8
0
3
8
3
2
38
10
25
19
0
9
66
0
3
10
8
13
77
0
6
34
0
3
9
13
8
10
12
98
0
8
5
33
0
4
62
0
3
15
51
65
0
5
11
108
0
4
12
20
75
0
5
9
29
0
4
9
4
2
54
0
6
42
0
3
27
104
0
4
11
26
117
0
5
22
91
0
4
9
22
5
7
105
0
7
3
21
100
0
5
9
12
44
0
5
5
1
114
0
5
4
23
158
0
5
5
1
10
81
0
6
49
0
3
28
137
0
4
17
0
3
7
37
0
4
7
4
2
69
0
6
20
83
0
4
8
105
54
78
0
6
10
34
122
0
5
40
0
3
28
35
0
4
18
256
0
4
4
1
52
0
5
16
260
0
4
8
31
0
4
4
1
13
148
0
6
35
26
107
0
5
19
173
0
4
14
191
0
4
4
1
19
10
51
154
0
8
30
0
3
51
7
76
0
5
24
0
3
8
12
118
0
5
8
5
2
88
0
6
43
0
3
14
37
101
0
5
12
18
75
180
0
6
14
11
165
0
5
11
4
50
0
5
5
1
54
108
202
0
7
48
0
3
31
86
0
4
17
139
0
4
4
1
18
35
88
49
155
0
9
179
0
3
20
142
0
4
15
239
0
4
4
1
20
10
92
0
7
38
283
0
4
10
8
80
0
5
53
0
3
27
235
0
4
12
77
288
0
5
12
5
2
96
0
6
82
0
3
18
55
0
4
18
4
2
13
153
0
7
41
0
3
14
99
0
4
12
27
37
115
0
6
27
5
33
312
0
6
6
1
67
0
5
9
84
0
4
21
271
0
4
4
1
13
38
76
163
0
8
75
140
0
4
11
135
0
4
4
1
16
217
0
6
34
241
0
4
9
34
5
37
52
232
0
8
26
218
0
4
12
63
0
4
4
1
26
10
114
310
0
8
16
32
0
4
11
42
354
0
5
30
223
0
4
9
37
35
162
0
6
47
0
3
101
209
0
4
13
74
0
4
4
1
38
79
0
6
17
190
0
4
9
27
110
0
5
36
0
3
26
54
215
0
5
8
54
5
3
9
17
22
391
0
10
67
124
0
4
27
26
20
197
0
6
37
59
0
4
10
15
212
0
5
26
14
162
68
0
6
15
10
12
102
0
6
6
1
64
0
5
17
41
182
0
5
5
1
10
17
8
55
201
0
9
55
4
38
83
395
0
7
202
284
0
4
9
12
35
111
0
6
35
4
8
24
339
0
7
17
30
129
0
5
37
69
426
0
5
5
1
43
341
0
6
23
463
0
4
25
561
0
4
4
1
14
80
281
0
7
31
326
0
4
10
66
573
0
5
29
535
0
4
9
57
0
4
4
1
24
54
134
0
7
24
5
17
57
13
170
0
8
67
137
497
0
5
11
201
96
306
0
6
58
0
3
157
0
3
3
1
32
218
235
331
0
8
25
68
141
0
5
25
5
2
319
0
6
25
6
2
6
2
2
1
24
51
455
0
12
122
516
0
4
66
79
220
0
5
25
21
312
325
0
6
23
110
222
0
5
11
63
280
0
5
5
1
32
56
0
6
16
279
0
4
31
115
356
0
5
14
125
0
4
9
111
166
0
5
9
5
2
58
89
0
7
112
0
3
89
6
30
171
0
6
4
22
255
0
5
19
538
0
4
8
98
706
0
5
9
30
19
11
62
707
0
8
12
88
482
0
5
13
144
0
4
22
30
17
152
0
6
37
208
0
4
10
182
254
0
5
19
30
15
273
0
6
15
4
13
27
301
0
7
68
146
0
4
9
49
522
0
5
22
37
32
108
549
0
7
16
109
0
4
16
4
2
95
0
6
33
465
0
4
8
68
31
121
0
6
10
54
221
0
5
32
30
54
6
9
41
318
0
9
4
21
165
600
0
6
11
98
106
0
5
20
364
0
4
14
149
0
4
4
1
168
0
5
13
79
194
0
5
5
1
10
45
869
0
7
70
878
0
4
20
29
286
0
5
15
102
377
0
5
5
1
21
51
231
0
7
21
5
8
79
35
353
0
8
5
7
10
36
445
0
7
5
7
2
102
29
35
16
108
117
842
0
12
170
309
0
4
48
671
0
4
4
1
42
511
0
6
92
646
0
4
9
103
0
4
4
1
14
93
0
6
14
4
7
41
119
0
7
4
6
9
19
185
0
7
7
1
20
88
215
502
0
8
69
413
0
4
18
649
0
4
4
1
16
66
315
0
7
22
190
535
395
457
0
7
7
1
14
46
0
6
41
47
566
0
5
94
0
3
285
0
3
3
1
17
251
0
6
17
4
38
488
0
6
6
1
12
104
955
0
7
35
115
331
394
0
6
12
11
193
0
5
36
135
663
0
5
5
1
23
369
0
6
16
70
179
779
0
6
6
1
12
24
402
0
7
35
35
1
8
97
0
7
7
1
6
16
23
28
923
0
9
121
260
914
0
5
39
1145
0
4
71
0
3
81
980
0
4
7
25
425
0
5
16
27
319
455
444
0
7
11
72
0
4
16
11
5
14
120
0
7
11
6
47
121
42
192
0
8
59
638
0
4
19
172
0
4
4
1
64
626
0
6
20
176
0
4
9
66
164
0
5
35
85
0
4
9
9
1
20
16
46
163
790
0
10
259
0
3
75
794
0
4
17
155
901
0
5
26
679
0
4
9
25
84
824
0
6
45
317
0
4
10
27
89
470
0
6
10
6
2
287
0
6
4
13
342
0
5
31
388
0
4
8
85
61
0
5
9
36
177
0
5
5
1
66
77
915
0
7
109
424
0
4
21
338
0
4
4
1
15
356
539
0
7
15
5
23
170
325
572
0
8
39
166
543
0
5
11
137
641
0
5
5
1
25
82
945
0
7
25
5
8
20
114
861
0
8
5
7
10
82
15
37
484
0
9
68
467
0
4
52
894
0
4
4
1
32
467
10
19
167
0
9
17
131
0
4
12
247
0
4
4
1
17
10
16
156
0
8
42
195
0
4
11
66
100
1233
0
6
126
0
3
164
184
0
4
13
132
0
4
4
1
29
428
0
6
17
33
533
0
5
73
0
3
22
367
0
4
17
12
52
70
308
0
7
86
1106
0
4
11
46
210
0
5
23
128
0
4
9
76
1009
0
5
9
5
2
186
0
6
43
824
206
0
5
9
11
26
219
0
6
11
5
8
84
220
734
0
8
5
7
45
223
985
0
7
5
7
2
32
122
755
0
8
15
142
1145
338
192
302
0
8
8
1
91
1353
0
6
37
155
265
0
5
26
46
73
93
498
0
7
32
31
242
0
5
12
95
644
0
5
5
1
28
384
0
6
28
4
89
274
0
6
6
1
12
19
175
0
7
29
136
0
4
15
59
355
0
5
27
295
0
4
9
97
423
0
5
9
5
2
81
406
0
7
25
234
0
4
16
192
81
10
196
0
7
11
114
242
65
1472
0
7
7
1
50
1278
0
6
55
998
0
4
24
470
338
107
1351
0
7
16
31
89
73
97
50
20
272
0
10
37
111
840
0
5
55
26
112
835
0
6
32
110
880
0
5
11
50
22
212
1072
0
7
33
224
0
4
44
1478
0
4
4
1
58
865
0
6
26
31
47
465
773
0
7
21
359
0
4
16
58
16
2
101
1162
0
8
172
471
0
4
12
135
567
0
5
49
820
0
4
9
121
495
0
5
9
5
2
25
122
207
0
8
26
45
221
806
0
6
51
745
0
4
23
266
0
4
4
1
65
129
1092
0
7
59
168
793
0
5
32
97
115
627
0
6
26
32
7
14
549
865
85
455
564
0
11
108
756
0
4
32
14
13
343
0
6
21
91
251
671
759
0
7
25
65
45
61
479
0
7
7
1
53
1397
0
6
20
159
0
4
30
877
0
4
4
1
14
35
563
0
7
20
15
237
0
5
67
1107
0
4
15
8
99
1391
0
6
30
26
72
625
0
6
6
1
28
276
0
6
5
23
106
901
574
0
7
34
1359
0
4
29
278
0
4
4
1
21
79
865
97
108
93
322
0
11
98
926
0
4
14
62
1029
0
5
34
28
40
1631
0
6
41
786
0
4
15
63
1106
426
1233
468
0
8
69
826
0
4
12
194
939
0
5
27
320
0
4
9
189
0
4
4
1
55
264
0
6
35
107
288
1512
0
6
6
1
12
27
23
85
164
501
0
10
289
0
3
486
0
3
3
1
16
247
538
1112
0
8
53
152
1089
0
5
49
243
0
4
44
285
853
0
5
9
54
1035
0
5
5
1
27
42
554
0
7
125
1172
0
4
21
119
928
0
5
15
96
1264
0
5
5
1
21
12
65
204
0
8
48
973
0
4
22
337
0
4
4
1
16
64
772
0
7
37
366
0
4
10
82
639
0
5
31
337
20
207
299
0
7
16
21
38
913
0
6
108
170
690
0
5
18
965
0
4
27
73
405
0
5
9
85
119
70
592
0
7
27
12
64
49
104
935
0
8
66
641
707
1219
0
6
35
150
0
4
30
242
460
0
5
30
5
2
358
0
6
15
100
662
0
5
9
41
206
602
0
6
11
227
0
4
26
267
0
4
4
1
98
236
0
6
14
236
4
8
50
450
0
8
4
6
10
103
1081
0
7
69
228
0
4
10
9
40
250
0
6
15
50
22
135
430
0
7
17
685
0
4
17
4
2
67
327
0
7
11
57
1444
0
5
68
773
471
456
0
6
29
309
1143
0
5
11
16
141
1429
0
6
11
6
2
29
14
69
55
265
644
628
0
12
129
441
0
4
43
703
0
4
4
1
91
414
0
6
24
571
0
4
9
75
939
304
0
6
10
82
194
311
0
6
6
1
22
82
8
104
162
1624
0
10
15
92
1193
0
5
63
342
929
0
5
5
1
20
215
1173
0
7
91
47
559
0
5
11
74
1708
0
5
5
1
17
110
598
0
7
17
5
8
42
292
0
7
7
1
14
91
27
216
0
8
12
90
0
4
75
74
31
260
1102
0
7
18
247
343
510
0
6
75
13
516
1531
0
6
6
1
31
19
729
0
7
19
4
28
428
867
0
7
7
1
14
45
525
0
7
6
21
291
0
5
62
450
211
0
5
5
1
17
71
1144
0
7
17
5
8
64
282
0
7
7
1
14
31
46
806
617
0
9
147
0
3
413
1284
0
4
52
901
514
0
5
26
265
184
935
307
0
7
27
100
287
1075
0
6
57
224
708
0
5
18
96
398
0
5
5
1
44
431
0
6
16
224
16
2
220
895
0
8
62
77
1079
0
5
18
24
207
384
849
0
7
42
150
344
0
5
12
143
0
4
63
191
2134
0
5
9
76
951
0
5
5
1
45
119
385
0
7
26
75
148
2165
0
6
52
86
983
0
5
17
114
838
0
5
5
1
23
528
0
6
16
66
399
0
5
10
241
1980
0
5
5
1
16
12
56
1685
0
8
78
2238
0
4
61
692
0
4
4
1
16
16
1
3
138
0
9
68
339
1849
0
5
29
324
0
4
17
55
326
1824
0
6
50
376
0
4
10
49
458
0
5
19
215
282
182
1654
0
7
88
1462
0
4
16
41
442
0
5
16
5
2
142
1017
0
7
16
7
2
7
2
2
1
58
855
0
11
305
0
3
64
218
1824
51
826
664
0
8
86
119
131
1165
0
6
60
0
3
17
69
396
0
5
41
47
336
0
5
5
1
36
1270
0
6
19
70
540
0
5
10
80
1918
0
5
5
1
16
59
854
0
7
60
36
22
391
2036
0
7
7
1
14
271
2156
0
7
6
32
847
0
5
25
838
175
1055
0
6
10
37
621
0
5
11
84
1137
0
5
5
1
28
337
623
0
7
28
5
8
87
0
6
23
198
0
4
128
1186
0
4
4
1
21
345
0
6
14
53
721
0
5
23
19
85
627
920
0
7
32
59
79
822
0
6
18
281
2009
0
5
18
5
2
146
1808
0
7
18
7
2
7
2
2
1
41
127
0
11
72
877
905
0
5
21
50
205
0
5
5
1
16
120
1508
0
7
24
320
822
45
296
0
7
7
1
14
67
589
0
7
6
55
236
633
0
6
5
27
377
1766
0
6
6
1
19
80
160
0
7
19
5
14
26
324
262
0
8
116
0
3
197
2187
0
4
111
1128
0
4
4
1
26
18
83
2153
0
8
19
27
40
659
0
6
39
1443
0
4
17
223
1289
0
5
40
13
510
515
0
6
15
582
0
4
15
4
2
110
559
571
616
0
9
325
1475
0
4
11
116
58
277
0
6
23
157
2104
0
5
34
958
0
4
15
28
192
1236
0
6
15
6
2
34
13
47
271
235
2118
0
11
31
511
1827
0
5
26
81
1256
0
5
5
1
88
342
638
1644
0
8
88
6
29
376
366
866
0
8
8
1
16
163
1627
0
7
130
0
3
122
1169
0
4
57
520
0
4
4
1
18
121
1188
0
7
18
5
42
497
2195
0
7
7
1
14
155
1382
0
7
6
46
576
0
5
17
130
38
899
0
6
10
301
2051
0
5
11
82
720
0
5
5
1
28
104
725
0
7
28
5
8
69
378
0
7
7
1
14
42
50
245
0
8
12
491
0
4
67
232
2475
0
5
22
365
0
4
9
158
2774
0
5
9
5
2
137
1630
0
7
32
309
827
0
5
10
62
595
0
5
5
1
43
812
0
6
73
962
0
4
32
20
773
854
409
0
7
27
229
0
4
11
83
239
2642
0
6
21
312
2255
0
5
31
175
405
989
0
6
11
17
112
1387
0
6
6
1
44
657
0
6
5
19
264
1136
0
6
6
1
12
93
1194
0
7
46
140
2591
0
5
17
29
192
228
946
0
7
12
17
8
113
0
6
24
354
2562
0
5
18
178
0
4
69
137
105
2853
0
6
15
250
966
0
5
15
5
2
118
2791
0
7
33
1439
0
4
22
138
620
0
5
14
158
139
2758
0
6
27
106
1279
0
5
11
90
853
1170
0
6
11
6
2
33
29
69
49
624
0
10
148
703
954
0
5
21
122
257
0
5
5
1
98
1051
0
6
24
79
478
0
5
10
22
54
1203
0
6
11
37
539
1834
0
6
6
1
23
348
0
6
5
19
133
0
5
4
77
787
0
5
5
1
16
310
2685
0
7
92
973
1203
34
354
122
55
464
0
10
44
164
1280
0
5
21
66
754
0
5
5
1
27
99
1396
0
7
27
5
8
152
1280
19
48
1236
391
625
1402
0
13
389
0
3
350
0
3
3
1
26
386
0
6
69
113
175
221
1525
0
7
32
249
0
4
74
983
817
0
5
39
475
0
4
9
289
1338
0
5
9
5
2
143
861
1909
0
8
55
79
125
1312
0
6
39
23
113
40
492
0
7
39
7
2
21
86
737
0
8
21
5
29
170
1274
0
7
13
74
51
755
1798
0
7
7
1
74
8
18
238
0
8
4
57
432
0
5
25
707
1269
0
5
5
1
18
16
146
647
0
8
18
6
57
19
117
2334
0
8
8
1
16
15
256
3101
0
8
7
42
403
0
5
28
417
0
4
42
8
11
202
2740
0
7
15
21
73
374
0
6
36
776
0
4
17
312
361
0
5
26
145
0
4
9
120
675
0
5
9
5
2
104
459
0
7
31
377
661
0
5
10
205
698
0
5
5
1
65
1428
0
6
41
719
0
4
32
170
121
527
0
6
10
21
57
89
1800
0
7
33
305
889
0
5
27
220
1051
292
1186
791
0
8
82
516
1162
1758
0
6
26
68
966
365
489
0
7
26
7
2
66
255
2643
0
8
21
40
183
0
5
34
278
1627
596
0
6
26
19
139
370
0
6
6
1
74
173
3211
0
7
30
1422
0
4
75
1064
0
4
4
1
15
132
2076
0
7
15
5
36
133
333
0
7
7
1
14
407
0
6
34
47
678
0
5
16
177
2217
0
5
5
1
16
7
19
54
376
666
0
10
112
508
0
4
43
550
0
4
4
1
18
212
1894
0
7
21
87
912
0
5
29
260
1287
0
5
5
1
17
187
0
6
51
264
528
1123
0
6
6
1
12
512
0
6
5
18
34
65
173
99
373
0
9
197
829
0
4
47
75
101
1908
0
6
19
68
149
2660
0
6
6
1
31
209
3082
0
7
60
1016
0
4
23
335
0
4
4
1
15
118
530
0
7
15
5
48
407
116
816
0
8
170
216
1375
0
5
11
278
170
7
17
80
900
0
9
60
37
489
197
63
1242
0
8
22
502
2602
0
5
22
5
2
205
261
0
7
25
347
0
4
52
1239
0
4
4
1
57
253
0
6
77
505
0
4
9
39
401
0
5
28
336
1123
123
0
6
15
71
1378
0
5
11
63
51
137
626
2481
0
8
54
179
2571
0
5
13
414
1531
1434
0
6
24
573
3046
0
5
11
24
6
8
20
731
0
8
4
49
607
0
5
13
24
13
2
79
469
0
8
13
6
20
19
152
533
2318
0
9
69
516
313
0
5
22
100
1402
538
1831
0
7
100
6
21
219
2288
0
7
7
1
99
193
2654
0
7
6
13
36
279
3003
0
7
7
1
14
279
7
4
60
147
1456
0
11
73
432
483
0
5
44
607
70
1228
0
6
28
120
426
1934
0
6
6
1
28
8
74
338
2203
0
9
70
19
77
146
499
0
7
39
146
5
31
230
0
7
7
1
23
227
1759
0
7
6
30
360
0
5
16
324
1101
0
5
5
1
17
216
225
0
7
17
5
8
46
816
237
2063
0
9
47
281
1198
0
5
12
303
0
4
87
330
0
4
4
1
29
332
0
6
44
87
11
95
2354
0
7
35
1842
0
4
16
51
200
0
5
30
60
114
1471
0
6
22
153
3498
0
5
11
25
252
0
5
5
1
38
1009
2461
0
7
32
514
1583
0
5
11
17
73
138
838
1325
0
8
77
116
315
2876
0
6
36
166
2612
0
5
19
128
1309
0
5
5
1
36
12
85
1300
0
8
24
228
910
0
5
12
10
439
0
5
5
1
18
400
0
6
34
403
633
1254
0
6
6
1
12
19
38
68
396
1432
0
10
25
80
357
0
5
26
530
383
0
5
5
1
20
263
0
6
25
16
114
108
1997
0
7
92
835
2382
0
5
17
91
1771
0
5
5
1
23
193
258
0
7
17
12
49
307
1687
0
7
7
1
14
258
13
268
0
8
87
162
1846
0
5
26
55
788
0
5
5
1
18
87
13
18
3
837
0
10
75
482
3237
0
5
14
31
245
1132
0
6
70
260
530
82
646
3067
0
8
39
261
430
1970
0
6
14
20
89
676
0
6
6
1
41
695
0
6
5
33
683
0
5
4
215
1609
0
5
5
1
16
107
2217
603
0
8
36
168
2393
0
5
12
94
3045
0
5
5
1
18
72
1445
0
7
99
370
670
0
5
11
216
293
0
5
5
1
17
119
1606
0
7
17
5
8
37
518
0
7
7
1
14
73
236
1444
2034
0
9
307
137
476
0
5
19
192
1128
1423
0
6
79
448
0
4
77
251
2425
0
5
15
503
0
4
9
25
189
2308
0
6
19
25
6
3
142
1687
171
3404
0
10
145
838
281
348
1055
1607
0
8
61
1757
0
4
28
413
1890
0
5
37
70
152
488
3134
0
7
72
101
651
0
5
12
114
232
1293
0
6
42
896
0
4
27
824
2784
0
5
15
64
1720
0
5
5
1
98
1127
0
6
20
174
0
4
20
4
2
539
1121
0
7
42
31
206
2209
0
6
17
128
337
1661
0
6
6
1
29
412
0
6
5
35
406
2720
0
6
6
1
12
63
610
0
7
31
30
410
0
5
17
30
5
3
112
790
3079
0
9
126
2916
0
4
54
625
1112
2403
0
6
30
18
200
438
0
6
6
1
37
112
24
383
345
1699
0
10
137
176
3129
0
5
37
13
294
0
5
5
1
20
90
1253
0
7
57
696
0
4
43
838
158
1274
1083
0
7
11
233
0
4
11
4
2
110
1589
0
7
11
7
2
7
2
2
1
34
419
0
11
10
51
504
0
5
44
520
1527
0
5
5
1
16
295
2846
0
7
24
73
251
230
590
0
7
7
1
14
260
347
766
0
8
211
2125
0
4
52
771
0
4
4
1
16
30
109
3136
0
8
16
6
109
6
2
58
1645
0
9
133
958
1640
0
5
51
61
242
2409
0
6
16
20
107
352
0
6
6
1
34
80
483
683
372
0
9
26
430
395
3416
0
6
14
63
184
2144
0
6
6
1
21
734
3014
0
7
77
314
0
4
65
931
0
4
4
1
15
255
1060
0
7
15
5
57
152
288
2619
0
8
77
23
498
3002
0
6
35
233
153
625
205
878
3582
0
9
57
21
44
137
193
515
1759
709
0
10
149
957
0
4
43
183
1096
0
5
40
1101
713
0
5
5
1
54
238
1261
0
7
54
5
8
49
539
300
0
8
5
7
10
32
658
0
7
5
7
2
136
3031
0
7
5
7
2
7
2
2
1
34
124
4042
0
12
299
2599
0
4
55
555
0
4
4
1
15
98
352
146
791
1186
1188
1735
0
12
20
156
3231
0
5
36
507
0
4
20
9
96
2272
0
6
109
190
3574
0
5
15
30
203
0
5
5
1
37
297
0
6
16
188
0
4
26
177
1146
0
5
14
176
315
728
0
6
15
26
12
49
100
914
3514
0
9
44
138
749
0
5
20
51
224
2312
0
6
20
6
2
95
806
2366
0
8
120
894
3330
0
5
19
501
2792
0
5
5
1
59
2048
0
6
22
808
0
4
59
8
22
6
8
3
406
426
920
2068
0
12
57
191
2328
0
5
26
64
479
2965
0
6
19
38
756
2991
0
6
6
1
39
663
3629
0
7
158
382
0
4
40
200
424
3452
0
6
16
109
126
443
0
6
6
1
23
247
2506
0
7
23
5
44
100
106
1677
0
8
62
1809
0
4
31
480
0
4
4
1
23
18
462
0
7
23
5
23
2
111
2049
0
8
23
6
39
61
349
0
7
15
145
604
0
5
18
24
405
1808
2147
0
7
12
98
213
0
5
12
5
2
31
46
977
0
8
32
259
3598
0
5
11
447
0
4
55
241
2403
521
0
6
45
2145
0
4
10
279
1076
0
5
19
123
1179
0
5
5
1
76
2463
0
6
20
185
3837
0
5
10
21
341
4238
0
6
11
41
787
1718
0
6
6
1
23
86
1613
0
7
72
663
150
2507
0
6
12
73
489
1265
0
6
6
1
19
49
241
65
411
0
9
241
5
42
644
2761
0
7
28
703
1803
0
5
10
52
498
408
0
6
26
203
293
794
3694
0
7
18
125
1679
0
5
18
5
2
118
1339
0
7
12
52
25
756
217
4498
0
8
125
19
53
2317
0
6
33
866
2112
0
5
24
155
2079
0
5
5
1
70
753
0
6
16
223
2210
0
5
10
60
1092
3268
0
6
11
112
657
1973
0
6
6
1
23
112
8
44
230
591
0
10
21
133
559
2220
0
6
15
205
487
0
5
33
54
456
2887
0
6
11
33
7
77
510
2251
0
8
30
394
3929
0
5
19
78
2586
0
5
5
1
45
196
3463
0
7
22
336
1373
0
5
11
30
23
57
334
0
7
12
111
265
2725
0
6
43
521
223
88
2222
0
7
13
726
0
4
226
0
3
364
4160
0
4
7
12
25
135
2978
0
7
6
26
162
1053
0
6
5
45
55
258
1066
0
7
13
31
278
1482
0
6
13
6
2
168
998
3516
0
8
87
1066
18
178
2062
0
7
21
119
982
0
5
32
298
0
4
50
2201
0
4
4
1
97
3305
0
6
32
14
489
247
382
401
1477
0
9
241
241
1
16
177
505
1491
0
9
9
1
8
47
1308
0
7
44
168
57
115
3444
0
7
7
1
14
33
155
211
758
0
9
22
137
652
0
5
60
205
178
71
1511
0
7
20
330
1331
0
5
12
117
1881
0
5
5
1
31
104
1833
0
7
17
908
0
4
79
1043
0
4
4
1
15
212
1694
0
7
15
5
23
176
575
0
7
7
1
14
60
49
334
184
760
0
10
240
0
3
169
0
3
3
1
16
98
435
0
7
22
74
1455
0
5
33
85
1317
0
5
5
1
17
57
101
1044
0
8
112
278
172
3605
0
6
139
1822
0
4
64
559
280
4533
0
6
10
48
1682
0
5
28
379
0
4
15
73
405
490
0
6
15
6
2
198
2683
0
7
56
2868
0
4
17
48
26
229
2332
0
7
11
273
4479
0
5
33
67
2391
0
5
5
1
67
6
30
286
4391
0
9
160
2616
0
4
30
9
6
12
150
460
3307
0
9
7
33
28
62
584
0
7
6
14
128
1090
0
6
5
35
850
0
5
4
28
17
59
669
0
7
18
263
1387
2372
0
6
18
6
2
81
2557
0
7
13
286
56
83
2405
0
7
7
1
67
67
1
3
156
792
0
10
119
287
3069
0
5
42
504
1026
0
5
5
1
17
47
261
1348
0
8
154
5162
0
4
58
991
0
4
4
1
16
187
1894
1911
0
8
16
6
58
14
84
2841
0
8
8
1
16
10
46
631
0
8
7
60
225
1620
0
6
20
272
3855
0
5
50
340
0
4
38
744
0
4
4
1
27
1241
0
6
19
452
0
4
9
135
406
778
0
6
10
40
749
827
2537
0
7
41
626
1816
0
5
36
889
2095
0
5
5
1
33
158
772
3538
0
8
60
59
145
717
0
6
31
320
2830
0
5
18
145
10
38
59
14
89
1454
0
10
7
40
46
87
429
0
7
6
23
321
0
5
22
297
913
3555
0
6
10
19
75
1505
0
6
6
1
53
611
0
6
5
19
12
224
899
2676
0
8
59
44
414
1884
0
6
14
49
349
786
3734
0
7
44
12
20
128
231
4637
0
8
21
478
2470
0
5
33
91
1596
0
5
5
1
45
517
0
6
31
90
1266
0
5
10
62
264
2074
0
6
11
304
3452
879
0
6
6
1
23
86
752
0
7
48
323
0
4
155
467
4281
0
5
28
275
0
4
9
164
2474
0
5
9
5
2
272
194
3481
0
8
66
2226
0
4
17
248
0
4
4
1
41
174
1420
0
7
41
5
23
48
44
93
2658
0
9
31
74
434
0
5
12
102
4716
0
5
5
1
26
384
3325
0
7
26
5
8
44
25
628
3560
0
9
26
9
2
58
273
396
1744
0
9
7
19
154
299
1135
0
7
6
99
1605
0
5
28
88
672
0
5
5
1
42
329
0
6
15
443
993
0
5
10
132
2274
0
5
5
1
16
306
5070
0
7
33
160
424
1018
0
6
23
88
34
1185
0
6
6
1
19
53
213
963
0
8
75
224
212
565
0
6
13
398
3439
0
5
37
1156
0
4
125
846
0
4
4
1
27
325
3017
0
7
46
268
1779
0
5
20
222
5069
0
5
5
1
17
153
1303
0
7
17
5
8
46
20
16
73
534
0
10
84
390
0
4
37
46
12
149
1307
0
7
21
249
2621
0
5
24
889
347
1440
0
6
69
2123
0
4
22
311
3683
0
5
15
121
2470
269
0
6
15
6
2
159
4107
0
7
33
117
683
1417
0
6
11
261
465
4235
0
6
6
1
73
62
275
248
228
1950
0
10
66
238
1350
0
5
40
367
4488
0
5
5
1
20
84
79
703
1002
0
9
198
615
0
4
63
1449
0
4
4
1
17
105
2873
0
7
56
543
4618
0
5
28
206
1675
0
5
5
1
17
17
1
3
548
0
9
34
184
719
2564
0
6
68
1987
0
4
35
598
3742
0
5
23
201
5284
0
5
5
1
26
263
599
0
7
46
141
3846
0
5
11
101
720
3082
2403
1153
0
8
166
2065
0
4
34
44
292
2584
0
6
44
5
20
93
324
2177
0
8
18
484
4666
0
5
11
31
331
4923
0
6
19
247
883
0
5
11
11
1
55
938
0
7
54
1023
0
4
41
361
2684
0
5
16
214
0
4
9
95
1370
0
5
9
5
2
181
0
6
36
555
1465
0
5
9
11
36
7
33
189
1885
0
9
8
62
180
5776
0
6
20
73
187
645
0
6
6
1
56
152
1583
2178
0
8
19
70
1125
0
5
34
100
1333
0
5
5
1
18
93
99
377
2732
0
9
39
1316
0
4
68
156
714
0
5
17
173
2561
0
5
5
1
23
159
254
5294
0
8
41
95
86
503
1958
0
7
73
61
1345
0
5
19
53
370
2022
0
6
66
251
1749
0
5
11
92
2157
0
5
5
1
36
98
916
0
7
28
229
854
3192
0
6
23
47
756
1231
0
6
6
1
19
37
345
1854
0
8
55
158
678
2695
0
6
13
407
2589
0
5
37
16
157
3404
2008
0
7
38
676
2127
0
5
12
371
0
4
100
117
337
1946
0
6
27
419
1841
0
5
15
355
4680
0
5
5
1
51
1563
0
6
16
37
39
128
649
5201
0
8
57
980
5089
0
5
18
146
1649
0
5
5
1
24
407
63
336
1218
0
9
153
444
5096
0
5
13
75
489
1132
2212
0
7
70
183
1738
0
5
12
70
6
47
109
1535
0
8
44
286
900
2669
0
6
11
139
1020
0
5
19
118
1363
0
5
5
1
50
840
4695
0
7
36
149
472
0
5
11
22
458
3837
1458
0
7
12
43
1266
712
0
6
35
367
425
5170
0
6
6
1
31
321
793
4624
0
8
55
156
229
177
1197
0
7
27
130
3459
0
5
39
117
141
377
252
2462
0
8
20
286
75
96
1747
0
7
20
7
2
319
5207
0
7
5
23
205
1196
0
6
47
100
170
2768
0
6
6
1
54
358
4347
0
7
19
97
1265
1506
0
6
12
79
490
1107
4619
0
7
13
141
53
266
4709
0
7
7
1
27
68
305
3013
0
8
61
284
5826
0
5
51
197
2803
0
5
5
1
18
187
358
46
460
1094
0
10
545
0
3
498
1529
0
4
237
2606
0
4
4
1
21
613
0
6
59
887
0
4
9
203
1543
0
5
35
141
61
48
794
1549
0
8
54
87
940
0
5
13
74
798
0
5
5
1
33
424
729
4226
0
8
18
60
982
1379
0
6
41
370
357
2526
0
6
6
1
20
140
3483
0
7
98
352
1916
0
5
31
183
245
2464
0
6
17
407
270
0
5
11
215
2438
0
5
5
1
28
371
328
0
7
28
5
8
50
240
1309
2615
0
9
86
418
0
4
91
955
5468
0
5
16
325
760
1328
0
6
41
65
1668
0
5
11
41
6
8
30
1235
0
8
4
25
875
0
5
13
102
895
4225
0
6
16
30
16
2
222
783
0
8
19
203
134
5934
0
6
14
1025
0
4
28
66
460
171
2420
0
7
73
477
0
4
11
48
148
3514
1963
0
7
11
7
2
35
160
870
0
8
36
324
630
0
5
55
297
1092
1664
0
6
41
73
31
128
410
2355
0
8
19
55
15
431
4303
0
7
32
1525
3442
0
5
26
692
4219
0
5
5
1
135
1188
2070
0
7
17
152
593
0
5
11
56
599
709
2156
4105
0
8
37
454
0
4
75
330
1506
298
1575
0
7
24
446
0
4
11
23
329
968
0
6
66
102
127
4043
0
6
6
1
47
337
505
1572
0
8
35
96
361
690
4729
0
7
31
85
1477
1593
0
6
20
229
395
2273
0
6
6
1
27
329
40
845
0
8
27
6
9
204
4798
0
7
27
7
2
133
1764
0
7
5
85
34
673
0
6
18
277
3982
0
5
10
335
3187
0
5
5
1
38
580
0
6
16
196
1754
0
5
10
16
6
8
45
1191
0
8
4
97
406
1318
0
6
11
102
96
83
1420
1139
0
8
14
211
1644
3982
44
532
0
8
8
1
41
180
754
3647
0
8
7
66
121
969
0
6
30
246
0
4
39
487
1837
0
5
53
436
0
4
9
96
42
1114
0
6
19
203
258
1767
0
6
6
1
39
23
159
740
0
8
39
6
9
22
557
0
7
45
80
2419
0
5
36
248
990
0
5
5
1
25
309
3936
0
7
17
217
1951
0
5
11
92
745
5203
0
6
33
416
0
4
59
449
0
4
4
1
26
250
3856
0
7
26
5
23
57
680
0
7
7
1
14
114
2705
0
7
6
30
98
422
0
6
5
19
85
175
3726
0
7
13
363
0
4
37
261
1069
0
5
15
301
4060
0
5
5
1
34
195
5583
0
7
21
512
3418
0
5
11
74
491
4046
0
6
39
109
697
0
5
11
11
1
24
286
625
2473
0
9
120
2312
2324
0
5
14
69
1145
5514
0
6
25
115
1842
3131
0
6
6
1
25
8
144
6196
0
8
4
68
601
0
5
25
11
39
46
588
0
7
62
959
0
4
15
78
2007
0
5
16
245
519
0
5
5
1
34
83
237
598
1087
0
9
60
557
180
229
317
5808
0
8
43
738
0
4
31
333
3584
0
5
25
47
352
557
19
133
313
3343
0
10
286
92
181
1029
5245
0
7
57
164
1440
1238
0
6
82
3029
0
4
32
437
0
4
4
1
57
16
65
538
3367
0
9
57
7
25
42
261
162
2031
0
9
9
1
18
349
1541
0
7
14
128
479
2408
0
6
39
107
2681
0
5
67
1740
0
4
39
9
23
221
3926
0
7
22
275
1257
0
5
16
49
1574
0
5
5
1
39
19
87
684
0
8
105
1238
77
2151
0
6
40
424
683
1296
0
6
6
1
20
442
4685
0
7
37
234
5621
0
5
31
125
1397
5431
0
6
17
302
5708
0
5
11
177
857
0
5
5
1
28
600
6307
0
7
28
5
8
50
671
5470
0
8
5
7
10
144
210
5793
0
8
8
1
23
88
1466
0
7
13
289
4001
0
5
19
80
364
2172
0
6
51
819
0
4
110
2884
0
4
4
1
26
337
538
153
998
2156
576
4376
0
12
865
5442
0
4
15
237
224
1493
0
6
30
342
4445
0
5
41
457
6231
0
5
5
1
32
192
3129
2957
0
8
65
190
2673
0
5
12
34
255
2807
0
6
29
3031
2735
0
5
11
110
61
842
6334
0
7
82
225
1863
0
5
12
23
93
1222
0
6
23
5
8
37
147
3562
0
8
5
7
21
371
802
0
7
5
7
2
585
0
6
21
11
40
180
298
657
2372
1979
0
10
136
2789
0
4
93
39
205
988
0
6
20
190
75
678
1185
1606
3239
0
9
236
3229
0
4
19
142
3195
0
5
43
327
5277
0
5
5
1
106
2631
0
6
29
93
36
519
361
676
1199
0
9
29
9
2
64
2133
0
7
69
416
510
2399
0
6
22
273
1708
5210
0
6
6
1
34
128
303
3577
0
8
98
499
3631
0
5
46
414
1866
0
5
5
1
18
326
4978
0
7
37
120
460
844
0
6
30
181
377
1103
0
6
6
1
19
83
420
0
7
19
5
27
714
1359
5661
0
8
44
660
0
4
100
1100
0
4
4
1
23
160
860
0
7
23
5
23
2
87
336
1241
2024
0
10
144
280
2225
0
5
13
273
88
279
2669
1223
0
8
38
733
0
4
33
616
4741
0
5
17
330
832
0
5
5
1
44
54
1057
0
7
44
5
8
24
554
5607
0
8
5
7
10
45
672
1817
0
8
8
1
23
60
504
2148
0
8
7
15
292
1567
0
6
103
5485
0
4
51
325
1012
0
5
30
119
2174
0
5
5
1
28
371
245
546
0
8
28
6
24
51
21
244
0
8
8
1
16
447
2772
0
7
42
492
4348
0
5
27
137
2434
0
5
5
1
17
91
1063
0
7
17
5
8
26
368
0
7
7
1
14
505
911
0
7
6
45
88
127
926
5807
0
8
19
173
1526
0
5
25
537
0
4
81
2270
0
4
4
1
28
69
245
75
290
0
9
256
4345
0
4
12
347
1821
0
5
26
50
460
223
2619
3175
0
8
39
318
6788
0
5
13
179
4003
0
5
5
1
36
294
3357
0
7
64
289
464
4532
0
6
69
46
267
5645
0
6
6
1
19
70
1435
0
7
19
5
27
111
2670
0
7
7
1
14
97
927
0
7
6
21
140
1225
0
6
5
19
21
7
10
195
780
0
9
82
430
3283
0
5
13
65
459
4386
0
6
20
389
4557
0
5
11
413
3557
0
5
5
1
43
383
3445
0
7
33
255
475
4546
0
6
23
226
2715
0
5
17
165
6887
0
5
5
1
23
12
125
605
0
8
117
1445
3682
0
5
12
10
63
1550
0
6
29
403
3852
0
5
11
52
2876
3896
0
6
11
6
2
327
436
979
0
8
30
253
4177
0
5
19
95
1704
0
5
5
1
48
1222
517
2237
0
8
18
401
2709
0
5
12
48
12
2
32
568
0
8
13
108
3868
0
5
13
5
2
12
14
142
487
1030
0
10
69
170
1493
604
3079
3577
449
972
0
10
10
1
46
181
430
141
1421
0
9
147
562
0
4
229
843
0
4
4
1
17
118
1607
3707
0
8
50
235
5096
1649
1664
1273
0
8
8
1
16
321
1585
0
7
150
2582
0
4
26
255
154
2211
0
6
112
2668
0
4
10
54
407
1416
0
6
10
6
2
80
707
4653
0
8
34
525
5676
0
5
91
341
3095
0
5
5
1
45
329
1220
0
7
45
5
8
20
215
1444
3825
0
9
85
1038
0
4
44
446
1283
0
5
16
68
971
0
5
5
1
30
166
2006
0
7
30
5
8
30
3
1560
0
8
5
7
10
65
258
1155
0
8
8
1
23
225
701
0
7
13
158
1838
0
5
19
194
2374
0
5
5
1
17
131
5507
0
7
17
5
8
26
114
1115
0
8
5
7
10
40
700
0
7
5
7
2
110
747
0
7
5
7
2
7
2
2
1
34
116
4151
0
12
205
709
1391
6286
0
6
133
1006
0
4
101
2101
0
4
4
1
21
350
4886
0
7
29
285
6175
0
5
37
649
1863
783
1509
0
7
12
34
39
427
0
6
33
338
4318
0
5
18
271
5305
0
5
5
1
35
1401
0
6
16
141
240
1586
0
6
6
1
12
30
135
1468
0
8
95
308
6722
0
5
24
557
1077
0
5
5
1
18
37
56
1475
5374
0
9
183
1643
0
4
77
999
0
4
4
1
17
132
2426
0
7
70
463
7548
0
5
28
524
0
4
15
624
5084
0
5
9
30
54
253
364
953
0
8
56
42
596
4755
0
6
69
330
680
1284
5890
0
7
35
87
716
0
5
26
174
2548
0
5
5
1
52
408
3308
0
7
17
57
1121
3974
0
6
30
43
466
0
5
17
11
420
775
0
6
11
5
8
50
339
5791
0
8
5
7
27
536
0
6
14
391
5064
0
5
10
215
292
704
0
6
11
25
624
86
1724
0
7
22
858
0
4
96
1432
4312
0
5
22
9
97
561
7656
0
7
16
165
508
4785
0
6
29
205
227
4485
0
6
6
1
84
2398
0
6
5
26
96
32
459
562
422
1382
5438
0
11
51
731
4619
1921
0
6
17
89
2800
0
5
21
244
741
0
5
5
1
33
228
2449
0
7
52
122
5180
0
5
11
29
52
7
9
67
1220
390
2526
1856
0
12
225
344
5987
0
5
17
39
260
3962
0
6
45
404
0
4
96
64
680
173
737
5117
0
8
132
213
2613
0
5
23
373
4833
0
5
5
1
57
168
3239
1025
1797
0
9
49
1252
0
4
31
1220
53
1566
0
6
41
1134
0
4
10
154
489
2153
5676
468
6569
0
9
23
37
273
921
0
6
19
406
1633
0
5
42
239
5455
0
5
5
1
48
593
1769
0
7
96
73
1807
0
5
11
105
1292
0
5
5
1
17
95
321
544
0
8
83
1003
0
4
54
280
970
0
5
16
184
2528
0
5
5
1
22
198
2570
0
7
39
121
1659
0
5
11
39
6
64
119
922
0
8
34
395
1765
0
5
13
485
0
4
39
16
35
302
1319
0
7
29
167
7160
0
5
16
11
30
291
6244
0
7
12
169
3293
0
5
12
5
2
471
6418
0
7
12
7
2
7
2
2
1
65
539
3995
0
12
11
30
30
1
9
132
174
343
6312
0
11
10
147
673
1800
5168
0
7
26
260
204
1821
905
5903
0
8
78
1547
0
4
73
133
506
0
5
52
237
1320
0
5
5
1
38
1081
6515
0
7
29
83
134
2005
0
6
110
550
5094
0
5
17
150
689
0
5
5
1
23
192
1332
0
7
23
5
8
47
1558
0
7
7
1
14
374
5292
0
7
6
32
325
1069
1690
0
7
7
1
14
14
1
3
647
5347
0
10
89
326
1210
0
5
34
158
638
5830
0
6
27
411
3769
0
5
11
107
1541
1552
0
6
11
6
2
132
121
191
3970
0
9
127
1049
0
4
106
1297
0
4
4
1
46
810
0
6
21
367
2374
673
136
1346
0
8
81
1057
1176
0
5
42
275
1567
1152
0
6
19
286
1642
0
5
11
47
98
1293
4502
0
7
85
753
3767
0
5
12
183
576
1477
2007
1706
0
8
36
1051
5335
0
5
13
242
4306
0
5
5
1
60
1201
0
6
41
346
0
4
69
560
0
4
4
1
14
122
425
2444
0
8
32
137
1168
0
5
26
209
5202
0
5
5
1
18
634
0
6
32
16
270
2269
0
6
6
1
12
64
304
3182
0
8
30
250
1893
0
5
24
664
6289
0
5
5
1
18
30
13
71
3639
0
9
139
2533
0
4
60
73
246
1995
0
6
36
91
879
3215
0
6
6
1
25
572
7536
0
7
117
1050
0
4
23
228
512
1887
0
6
16
65
310
5703
0
6
6
1
23
14
97
580
2086
0
9
48
428
6605
0
5
61
1567
164
1794
0
6
19
165
591
3894
0
6
6
1
26
111
1173
6693
0
8
92
1819
0
4
50
654
0
4
4
1
16
50
7
63
1106
7061
0
10
261
1804
0
4
13
100
1440
1835
0
6
35
413
1164
0
5
53
521
3876
0
5
5
1
30
119
441
6792
0
8
46
248
2064
0
5
12
149
2641
0
5
5
1
18
138
4296
0
7
50
52
373
572
120
1514
0
8
25
126
4223
0
5
19
90
3366
0
5
5
1
25
12
33
643
0
8
18
31
580
120
25
10
77
828
0
10
4
78
418
2449
658
4438
0
8
18
18
1
27
342
1733
0
8
8
1
7
55
2364
0
7
4
23
155
3386
0
6
100
105
571
6250
0
6
6
1
19
60
206
3100
0
8
26
148
2422
0
5
65
186
7601
0
5
5
1
18
46
109
2076
5582
0
9
186
13
140
1328
2501
0
7
46
13
7
3
419
2852
0
8
34
414
1636
0
5
28
898
0
4
62
2055
0
4
4
1
37
661
5718
0
7
25
103
1529
2651
0
6
67
745
2202
0
5
26
65
61
229
1211
0
7
18
60
78
116
1046
0
7
7
1
32
329
1157
0
7
6
27
119
189
3065
0
7
7
1
14
268
3332
0
7
6
14
6
2
464
1444
1171
0
9
90
174
590
4750
0
6
12
173
776
5811
0
6
6
1
28
84
857
1964
0
8
95
706
8371
0
5
69
410
2528
697
2198
0
7
41
421
0
4
97
317
2131
0
5
16
282
6708
0
5
5
1
34
123
4352
0
7
21
502
5573
0
5
11
483
4750
57
813
0
7
12
59
2308
5036
0
6
58
3509
0
4
39
713
4684
0
5
22
745
129
7084
0
6
15
1050
387
0
5
11
33
258
1231
3070
0
7
33
6
14
108
1390
0
7
7
1
59
41
76
4406
0
8
93
1864
0
4
42
553
0
4
4
1
16
82
1527
4887
0
8
16
6
31
292
1015
0
7
30
347
1617
0
5
50
329
169
761
0
6
16
18
185
4441
0
6
6
1
32
183
568
1450
0
8
32
6
9
164
433
0
7
32
7
2
176
4099
0
7
5
35
399
6902
0
6
18
33
84
168
935
7006
0
8
28
175
2398
1032
0
6
14
95
176
26
242
598
2302
0
9
40
1303
3537
0
5
33
27
232
5136
0
6
20
1392
0
4
97
183
64
569
0
6
10
378
6460
0
5
21
177
2180
0
5
5
1
82
113
6133
0
7
67
291
866
4440
0
6
23
376
5893
0
5
17
790
5103
0
5
5
1
23
12
196
2624
0
8
77
422
1099
0
5
12
10
47
697
246
593
979
1601
0
10
8
16
135
1294
0
6
39
212
3658
0
5
21
62
359
7791
0
6
11
207
7079
0
5
11
5
2
135
23
47
35
133
874
0
11
10
34
267
1759
4940
0
7
79
3070
227
1171
327
1651
0
8
47
21
38
884
0
6
37
395
982
2991
4762
0
7
21
12
72
4613
0
6
13
430
1610
0
5
48
629
0
4
138
549
7782
0
5
9
159
2648
0
5
5
1
109
464
375
0
7
32
206
488
5312
0
6
32
6
2
77
117
685
7431
0
9
26
191
857
375
21
51
1221
0
9
9
1
31
269
3686
0
7
31
5
39
120
567
7889
0
8
84
230
4572
0
5
11
105
541
0
5
5
1
25
480
4804
0
7
25
5
8
20
218
7064
0
8
5
7
10
126
620
6516
0
8
8
1
23
141
1469
0
7
13
105
35
146
3358
0
7
7
1
14
267
147
1047
0
8
21
75
1958
3486
0
6
92
725
6716
0
5
40
275
915
8345
0
6
11
67
244
1302
0
6
6
1
31
88
2007
904
0
8
31
6
9
103
556
0
7
45
1282
0
4
153
2401
0
4
4
1
23
68
1678
0
7
15
435
4426
0
5
47
197
3249
0
5
5
1
17
280
1210
1027
0
8
40
60
576
952
0
6
44
1712
0
4
34
234
2515
0
5
22
474
0
4
9
57
498
3265
0
6
19
679
8477
0
5
15
48
217
2827
0
6
11
90
576
36
892
0
7
61
624
1460
0
5
18
406
1303
384
4044
0
7
12
251
3596
0
5
12
5
2
219
6007
0
7
12
7
2
7
2
2
1
80
1815
0
11
41
509
0
4
63
859
0
4
4
1
14
165
892
50
489
1360
0
10
194
1756
0
4
13
186
730
0
5
43
1558
1166
0
5
5
1
24
989
6805
0
7
46
739
0
4
21
192
1190
0
5
15
96
1365
0
5
5
1
21
12
67
188
5187
0
9
120
271
1711
0
5
13
45
179
2148
2279
0
7
35
236
2464
3322
0
6
122
1075
7512
0
5
18
115
2849
0
5
5
1
37
374
1225
2126
0
8
176
518
5724
0
5
12
47
195
2129
0
6
29
1274
5522
0
5
11
115
29
7
44
190
2516
0
9
61
158
1229
0
5
14
118
1991
0
5
5
1
43
108
652
4727
0
8
43
6
34
211
3096
0
7
30
629
412
5642
0
6
11
40
233
5410
0
6
6
1
27
569
558
0
7
19
220
6525
0
5
38
458
3624
0
5
5
1
17
263
3974
1716
0
8
44
67
129
722
0
6
30
43
51
416