11
18
0
20
1
7
16
0
5
0
2
0
2
2
1
10
0
5
9
0
3
0
2
9
5
7
20
23
0
7
4
0
3
12
0
3
3
1
23
11
39
0
7
13
0
3
9
23
9
2
27
0
7
10
38
0
4
26
0
3
14
0
3
3
1
27
15
0
6
0
2
21
0
3
10
21
4
20
51
0
7
28
0
3
10
10
1
22
0
6
21
15
25
0
5
70
0
3
14
38
45
0
5
8
0
3
8
3
2
38
10
25
19
0
9
66
0
3
10
8
13
77
0
6
34
0
3
9
13
8
10
12
98
0
8
5
33
0
4
62
0
3
15
51
65
0
5
11
108
0
4
12
20
75
0
5
9
29
0
4
9
4
2
54
0
6
42
0
3
27
104
0
4
11
26
117
0
5
22
91
0
4
9
22
5
7
105
0
7
3
21
100
0
5
9
12
44
0
5
5
1
114
0
5
4
23
158
0
5
5
1
10
81
0
6
49
0
3
28
137
0
4
17
0
3
7
37
0
4
7
4
2
69
0
6
20
83
0
4
8
105
54
78
0
6
10
34
122
0
5
40
0
3
28
35
0
4
18
256
0
4
4
1
52
0
5
16
260
0
4
8
31
0
4
4
1
13
148
0
6
35
26
107
0
5
19
173
0
4
14
191
0
4
4
1
19
10
51
154
0
8
30
0
3
51
7
76
0
5
24
0
3
8
12
118
0
5
8
5
2
88
0
6
43
0
3
14
37
101
0
5
12
18
75
180
0
6
14
11
165
0
5
11
4
50
0
5
5
1
54
108
202
0
7
48
0
3
31
86
0
4
17
139
0
4
4
1
18
35
88
49
155
0
9
179
0
3
20
142
0
4
15
239
0
4
4
1
20
10
92
0
7
38
283
0
4
10
8
80
0
5
53
0
3
27
235
0
4
12
77
288
0
5
12
5
2
96
0
6
82
0
3
18
55
0
4
18
4
2
13
153
0
7
41
0
3
14
99
0
4
12
27
37
115
0
6
27
5
33
312
0
6
6
1
67
0
5
9
84
0
4
21
271
0
4
4
1
13
38
76
163
0
8
75
140
0
4
11
135
0
4
4
1
16
217
0
6
34
241
0
4
9
34
5
37
52
232
0
8
26
218
0
4
12
63
0
4
4
1
26
10
114
310
0
8
16
32
0
4
11
42
354
0
5
30
223
0
4
9
37
35
162
0
6
47
0
3
101
209
0
4
13
74
0
4
4
1
38
79
0
6
17
190
0
4
9
27
110
0
5
36
0
3
26
54
215
0
5
8
54
5
3
9
17
22
391
0
10
67
124
0
4
27
26
20
197
0
6
37
59
0
4
10
15
212
0
5
26
14
162
68
0
6
15
10
12
102
0
6
6
1
64
0
5
17
41
182
0
5
5
1
10
17
8
55
201
0
9
55
4
38
83
395
0
7
202
284
0
4
9
12
35
111
0
6
35
4
8
24
339
0
7
17
30
129
0
5
37
69
426
0
5
5
1
43
341
0
6
23
463
0
4
25
561
0
4
4
1
14
80
281
0
7
31
326
0
4
10
66
573
0
5
29
535
0
4
9
57
0
4
4
1
24
54
134
0
7
24
5
17
57
13
170
0
8
67
137
497
0
5
11
201
96
306
0
6
58
0
3
157
0
3
3
1
32
218
235
331
0
8
25
68
141
0
5
25
5
2
319
0
6
25
6
2
6
2
2
1
24
51
455
0
12
122
516
0
4
66
79
220
0
5
25
21
312
325
0
6
23
110
222
0
5
11
63
280
0
5
5
1
32
56
0
6
16
279
0
4
31
115
356
0
5
14
125
0
4
9
111
166
0
5
9
5
2
58
89
0
7
112
0
3
89
6
30
171
0
6
4
22
255
0
5
19
538
0
4
8
98
706
0
5
9
30
19
11
62
707
0
8
12
88
482
0
5
13
144
0
4
22
30
17
152
0
6
37
208
0
4
10
182
254
0
5
19
30
15
273
0
6
15
4
13
27
301
0
7
68
146
0
4
9
49
522
0
5
22
37
32
108
549
0
7
16
109
0
4
16
4
2
95
0
6
33
465
0
4
8
68
31
121
0
6
10
54
221
0
5
32
30
54
6
9
41
318
0
9
4
21
165
600
0
6
11
98
106
0
5
20
364
0
4
14
149
0
4
4
1
168
0
5
13
79
194
0
5
5
1
10
45
869
0
7
70
878
0
4
20
29
286
0
5
15
102
377
0
5
5
1
21
51
231
0
7
21
5
8
79
35
353
0
8
5
7
10
36
445
0
7
5
7
2
102
29
35
16
108
117
842
0
12
170
309
0
4
48
671
0
4
4
1
42
511
0
6
92
646
0
4
9
103
0
4
4
1
14
93
0
6
14
4
7
41
119
0
7
4
6
9
19
185
0
7
7
1
20
88
215
502
0
8
69
413
0
4
18
649
0
4
4
1
16
66
315
0
7
22
190
535
395
457
0
7
7
1
14
46
0
6
41
47
566
0
5
94
0
3
285
0
3
3
1
17
251
0
6
17
4
38
488
0
6
6
1
12
104
955
0
7
35
115
331
394
0
6
12
11
193
0
5
36
135
663
0
5
5
1
23
369
0
6
16
70
179
779
0
6
6
1
12
24
402
0
7
35
35
1
8
97
0
7
7
1
6
16
23
28
923
0
9
121
260
914
0
5
39
1145
0
4
71
0
3
81
980
0
4
7
25
425
0
5
16
27
319
455
444
0
7
11
72
0
4
16
11
5
14
120
0
7
11
6
47
121
42
192
0
8
59
638
0
4
19
172
0
4
4
1
64
626
0
6
20
176
0
4
9
66
164
0
5
35
85
0
4
9
9
1
20
16
46
163
790
0
10
259
0
3
75
794
0
4
17
155
901
0
5
26
679
0
4
9
25
84
824
0
6
45
317
0
4
10
27
89
470
0
6
10
6
2
287
0
6
4
13
342
0
5
31
388
0
4
8
85
61
0
5
9
36
177
0
5
5
1
66
77
915
0
7
109
424
0
4
21
338
0
4
4
1
15
356
539
0
7
15
5
23
170
325
572
0
8
39
166
543
0
5
11
137
641
0
5
5
1
25
82
945
0
7
25
5
8
20
114
861
0
8
5
7
10
82
15
37
484
0
9
68
467
0
4
52
894
0
4
4
1
32
467
10
19
167
0
9
17
131
0
4
12
247
0
4
4
1
17
10
16
156
0
8
42
195
0
4
11
66
100
1233
0
6
126
0
3
164
184
0
4
13
132
0
4
4
1
29
428
0
6
17
33
533
0
5
73
0
3
22
367
0
4
17
12
52
70
308
0
7
86
1106
0
4
11
46
210
0
5
23
128
0
4
9
76
1009
0
5
9
5
2
186
0
6
43
824
206
0
5
9
11
26
219
0
6
11
5
8
84
220
734
0
8
5
7
45
223
985
0
7
5
7
2
32
122
755
0
8
15
142
1145
338
192
302
0
8
8
1
91
1353
0
6
37
155
265
0
5
26
46
73
93
498
0
7
32
31
242
0
5
12
95
644
0
5
5
1
28
384
0
6
28
4
89
274
0
6
6
1
12
19
175
0
7
29
136
0
4
15
59
355
0
5
27
295
0
4
9
97
423
0
5
9
5
2
81
406
0
7
25
234
0
4
16
192
81
10
196
0
7
11
114
242
65
1472
0
7
7
1
50
1278
0
6
55
998
0
4
24
470
338
107
1351
0
7
16
31
89
73
97
50
20
272
0
10
37
111
840
0
5
55
26
112
835
0
6
32
110
880
0
5
11
50
22
212
1072
0
7
33
224
0
4
44
1478
0
4
4
1
58
865
0
6
26
31
47
465
773
0
7
21
359
0
4
16
58
16
2
101
1162
0
8
172
471
0
4
12
135
567
0
5
49
820
0
4
9
121
495
0
5
9
5
2
25
122
207
0
8
26
45
221
806
0
6
51
745
0
4
23
266
0
4
4
1
65
129
1092
0
7
59
168
793
0
5
32
97
115
627
0
6
26
32
7
14
549
865
85
455
564
0
11
108
756
0
4
32
14
13
343
0
6
21
91
251
671
759
0
7
25
65
45
61
479
0
7
7
1
53
1397
0
6
20
159
0
4
30
877
0
4
4
1
14
35
563
0
7
20
15
237
0
5
67
1107
0
4
15
8
99
1391
0
6
30
26
72
625
0
6
6
1
28
276
0
6
5
23
106
901
574
0
7
34
1359
0
4
29
278
0
4
4
1
21
79
865
97
108
93
322
0
11
98
926
0
4
14
62
1029
0
5
34
28
40
1631
0
6
41
786
0
4
15
63
1106
426
1233
468
0
8
69
826
0
4
12
194
939
0
5
27
320
0
4
9
189
0
4
4
1
55
264
0
6
35
107
288
1512
0
6
6
1
12
27
23
85
164
501
0
10
289
0
3
486
0
3
3
1
16
247
538
1112
0
8
53
152
1089
0
5
49
243
0
4
44
285
853
0
5
9
54
1035
0
5
5
1
27
42
554
0
7
125
1172
0
4
21
119
928
0
5
15
96
1264
0
5
5
1
21
12
65
204
0
8
48
973
0
4
22
337
0
4
4
1
16
64
772
0
7
37
366
0
4
10
82
639
0
5
31
337
20
207
299
0
7
16
21
38
913
0
6
108
170
690
0
5
18
965
0
4
27
73
405
0
5
9
85
119
70
592
0
7
27
12
64
49
104
935
0
8
66
641
707
1219
0
6
35
150
0
4
30
242
460
0
5
30
5
2
358
0
6
15
100
662
0
5
9
41
206
602
0
6
11
227
0
4
26
267
0
4
4
1
98
236
0
6
14
236
4
8
50
450
0
8
4
6
10
103
1081
0
7
69
228
0
4
10
9
40
250
0
6
15
50
22
135
430
0
7
17
685
0
4
17
4
2
67
327
0
7
11
57
1444
0
5
68
773
471
456
0
6
29
309
1143
0
5
11
16
141
1429
0
6
11
6
2
29
14
69
55
265
644
628
0
12
129
441
0
4
43
703
0
4
4
1
91
414
0
6
24
571
0
4
9
75
939
304
0
6
10
82
194
311
0
6
6
1
22
82
8
104
162
1624
0
10
15
92
1193
0
5
63
342
929
0
5
5
1
20
215
1173
0
7
91
47
559
0
5
11
74
1708
0
5
5
1
17
110
598
0
7
17
5
8
42
292
0
7
7
1
14
91
27
216
0
8
12
90
0
4
75
74
31
260
1102
0
7
18
247
343
510
0
6
75
13
516
1531
0
6
6
1
31
19
729
0
7
19
4
28
428
867
0
7
7
1
14
45
525
0
7
6
21
291
0
5
62
450
211
0
5
5
1
17
71
1144
0
7
17
5
8
64
282
0
7
7
1
14
31
46
806
617
0
9
147
0
3
413
1284
0
4
52
901
514
0
5
26
265
184
935
307
0
7
27
100
287
1075
0
6
57
224
708
0
5
18
96
398
0
5
5
1
44
431
0
6
16
224
16
2
220
895
0
8
62
77
1079
0
5
18
24
207
384
849
0
7
42
150
344
0
5
12
143
0
4
63
191
2134
0
5
9
76
951
0
5
5
1
45
119
385
0
7
26
75
148
2165
0
6
52
86
983
0
5
17
114
838
0
5
5
1
23
528
0
6
16
66
399
0
5
10
241
1980
0
5
5
1
16
12
56
1685
0
8
78
2238
0
4
61
692
0
4
4
1
16
16
1
3
138
0
9
68
339
1849
0
5
29
324
0
4
17
55
326
1824
0
6
50
376
0
4
10
49
458
0
5
19
215
282
182
1654
0
7
88
1462
0
4
16
41
442
0
5
16
5
2
142
1017
0
7
16
7
2
7
2
2
1
58
855
0
11
305
0
3
64
218
1824
51
826
664
0
8
86
119
131
1165
0
6
60
0
3
17
69
396
0
5
41
47
336
0
5
5
1
36
1270
0
6
19
70
540
0
5
10
80
1918
0
5
5
1
16
59
854
0
7
60
36
22
391
2036
0
7
7
1
14
271
2156
0
7
6
32
847
0
5
25
838
175
1055
0
6
10
37
621
0
5
11
84
1137
0
5
5
1
28
337
623
0
7
28
5
8
87
0
6
23
198
0
4
128
1186
0
4
4
1
21
345
0
6
14
53
721
0
5
23
19
85
627
920
0
7
32
59
79
822
0
6
18
281
2009
0
5
18
5
2
146
1808
0
7
18
7
2
7
2
2
1
41
127
0
11
72
877
905
0
5
21
50
205
0
5
5
1
16
120
1508
0
7
24
320
822
45
296
0
7
7
1
14
67
589
0
7
6
55
236
633
0
6
5
27
377
1766
0
6
6
1
19
80
160
0
7
19
5
14
26
324
262
0
8
116
0
3
197
2187
0
4
111
1128
0
4
4
1
26
18
83
2153
0
8
19
27
40
659
0
6
39
1443
0
4
17
223
1289
0
5
40
13
510
515
0
6
15
582
0
4
15
4
2
110
559
571
616
0
9
325
1475
0
4
11
116
58
277
0
6
23
157
2104
0
5
34
958
0
4
15
28
192
1236
0
6
15
6
2
34
13
47
271
235
2118
0
11
31
511
1827
0
5
26
81
1256
0
5
5
1
88
342
638
1644
0
8
88
6
29
376
366
866
0
8
8
1
16
163
1627
0
7
130
0
3
122
1169
0
4
57
520
0
4
4
1
18
121
1188
0
7
18
5
42
497
2195
0
7
7
1
14
155
1382
0
7
6
46
576
0
5
17
130
38
899
0
6
10
301
2051
0
5
11
82
720
0
5
5
1
28
104
725
0
7
28
5
8
69
378
0
7
7
1
14
42
50
245
0
8
12
491
0
4
67
232
2475
0
5
22
365
0
4
9
158
2774
0
5
9
5
2
137
1630
0
7
32
309
827
0
5
10
62
595
0
5
5
1
43
812
0
6
73
962
0
4
32
20
773
854
409
0
7
27
229
0
4
11
83
239
2642
0
6
21
312
2255
0
5
31
175
405
989
0
6
11
17
112
1387
0
6
6
1
44
657
0
6
5
19
264
1136
0
6
6
1
12
93
1194
0
7
46
140
2591
0
5
17
29
192
228
946
0
7
12
17
8
113
0
6
24
354
2562
0
5
18
178
0
4
69
137
105
2853
0
6
15
250
966
0
5
15
5
2
118
2791
0
7
33
1439
0
4
22
138
620
0
5
14
158
139
2758
0
6
27
106
1279
0
5
11
90
853
1170
0
6
11
6
2
33
29
69
49
624
0
10
148
703
954
0
5
21
122
257
0
5
5
1
98
1051
0
6
24
79
478
0
5
10
22
54
1203
0
6
11
37
539
1834
0
6
6
1
23
348
0
6
5
19
133
0
5
4
77
787
0
5
5
1
16
310
2685
0
7
92
973
1203
34
354
122
55
464
0
10
44
164
1280
0
5
21
66
754
0
5
5
1
27
99
1396
0
7
27
5
8
152
1280
19
48
1236
391
625
1402
0
13
389
0
3
350
0
3
3
1
26
386
0
6
69
113
175
221
1525
0
7
32
249
0
4
74
983
817
0
5
39
475
0
4
9
289
1338
0
5
9
5
2
143
861
1909
0
8
55
79
125
1312
0
6
39
23
113
40
492
0
7
39
7
2
21
86
737
0
8
21
5
29
170
1274
0
7
13
74
51
755
1798
0
7
7
1
74
8
18
238
0
8
4
57
432
0
5
25
707
1269
0
5
5
1
18
16
146
647
0
8
18
6
57
19
117
2334
0
8
8
1
16
15
256
3101
0
8
7
42
403
0
5
28
417
0
4
42
8
11
202
2740
0
7
15
21
73
374
0
6
36
776
0
4
17
312
361
0
5
26
145
0
4
9
120
675
0
5
9
5
2
104
459
0
7
31
377
661
0
5
10
205
698
0
5
5
1
65
1428
0
6
41
719
0
4
32
170
121
527
0
6
10
21
57
89
1800
0
7
33
305
889
0
5
27
220
1051
292
1186
791
0
8
82
516
1162
1758
0
6
26
68
966
365
489
0
7
26
7
2
66
255
2643
0
8
21
40
183
0
5
34
278
1627
596
0
6
26
19
139
370
0
6
6
1
74
173
3211
0
7
30
1422
0
4
75
1064
0
4
4
1
15
132
2076
0
7
15
5
36
133
333
0
7
7
1
14
407
0
6
34
47
678
0
5
16
177
2217
0
5
5
1
16
7
19
54
376
666
0
10
112
508
0
4
43
550
0
4
4
1
18
212
1894
0
7
21
87
912
0
5
29
260
1287
0
5
5
1
17
187
0
6
51
264
528
1123
0
6
6
1
12
512
0
6
5
18
34
65
173
99
373
0
9
197
829
0
4
47
75
101
1908
0
6
19
68
149
2660
0
6
6
1
31
209
3082
0
7
60
1016
0
4
23
335
0
4
4
1
15
118
530
0
7
15
5
48
407
116
816
0
8
170
216
1375
0
5
11
278
170
7
17
80
900
0
9
60
37
489
197
63
1242
0
8
22
502
2602
0
5
22
5
2
205
261
0
7
25
347
0
4
52
1239
0
4
4
1
57
253
0
6
77
505
0
4
9
39
401
0
5
28
336
1123
123
0
6
15
71
1378
0
5
11
63
51
137
626
2481
0
8
54
179
2571
0
5
13
414
1531
1434
0
6
24
573
3046
0
5
11
24
6
8
20
731
0
8
4
49
607
0
5
13
24
13
2
79
469
0
8
13
6
20
19
152
533
2318
0
9
69
516
313
0
5
22
100
1402
538
1831
0
7
100
6
21
219
2288
0
7
7
1
99
193
2654
0
7
6
13
36
279
3003
0
7
7
1
14
279
7
4
60
147
1456
0
11
73
432
483
0
5
44
607
70
1228
0
6
28
120
426
1934
0
6
6
1
28
8
74
338
2203
0
9
70
19
77
146
499
0
7
39
146
5
31
230
0
7
7
1
23
227
1759
0
7
6
30
360
0
5
16
324
1101
0
5
5
1
17
216
225
0
7
17
5
8
46
816
237
2063
0
9
47
281
1198
0
5
12
303
0
4
87
330
0
4
4
1
29
332
0
6
44
87
11
95
2354
0
7
35
1842
0
4
16
51
200
0
5
30
60
114
1471
0
6
22
153
3498
0
5
11
25
252
0
5
5
1
38
1009
2461
0
7
32
514
1583
0
5
11
17
73
138
838
1325
0
8
77
116
315
2876
0
6
36
166
2612
0
5
19
128
1309
0
5
5
1
36
12
85
1300
0
8
24
228
910
0
5
12
10
439
0
5
5
1
18
400
0
6
34
403
633
1254
0
6
6
1
12
19
38
68
396
1432
0
10
25
80
357
0
5
26
530
383
0
5
5
1
20
263
0
6
25
16
114
108
1997
0
7
92
835
2382
0
5
17
91
1771
0
5
5
1
23
193
258
0
7
17
12
49
307
1687
0
7
7
1
14
258
13
268
0
8
87
162
1846
0
5
26
55
788
0
5
5
1
18
87
13
18
3
837
0
10
75
482
3237
0
5
14
31
245
1132
0
6
70
260
530
82
646
3067
0
8
39
261
430
1970
0
6
14
20
89
676
0
6
6
1
41
695
0
6
5
33
683
0
5
4
215
1609
0
5
5
1
16
107
2217
603
0
8
36
168
2393
0
5
12
94
3045
0
5
5
1
18
72
1445
0
7
99
370
670
0
5
11
216
293
0
5
5
1
17
119
1606
0
7
17
5
8
37
518
0
7
7
1
14
73
236
1444
2034
0
9
307
137
476
0
5
19
192
1128
1423
0
6
79
448
0
4
77
251
2425
0
5
15
503
0
4
9
25
189
2308
0
6
19
25
6
3
142
1687
171
3404
0
10
145
838
281
348
1055
1607
0
8
61
1757
0
4
28
413
1890
0
5
37
70
152
488
3134
0
7
72
101
651
0
5
12
114
232
1293
0
6
42
896
0
4
27
824
2784
0
5
15
64
1720
0
5
5
1
98
1127
0
6
20
174
0
4
20
4
2
539
1121
0
7
42
31
206
2209
0
6
17
128
337
1661
0
6
6
1
29
412
0
6
5
35
406
2720
0
6
6
1
12
63
610
0
7
31
30
410
0
5
17
30
5
3
112
790
3079
0
9
126
2916
0
4
54
625
1112
2403
0
6
30
18
200
438
0
6
6
1
37
112
24
383
345
1699
0
10
137
176
3129
0
5
37
13
294
0
5
5
1
20
90
1253
0
7
57
696
0
4
43
838
158
1274
1083
0
7
11
233
0
4
11
4
2
110
1589
0
7
11
7
2
7
2
2
1
34
419
0
11
10
51
504
0
5
44
520
1527
0
5
5
1
16
295
2846
0
7
24
73
251
230
590
0
7
7
1
14
260
347
766
0
8
211
2125
0
4
52
771
0
4
4
1
16
30
109
3136
0
8
16
6
109
6
2
58
1645
0
9
133
958
1640
0
5
51
61
242
2409
0
6
16
20
107
352
0
6
6
1
34
80
483
683
372
0
9
26
430
395
3416
0
6
14
63
184
2144
0
6
6
1
21
734
3014
0
7
77
314
0
4
65
931
0
4
4
1
15
255
1060
0
7
15
5
57
152
288
2619
0
8
77
23
498
3002
0
6
35
233
153
625
205
878
3582
0
9
57
21
44
137
193
515
1759
709
0
10
149
957
0
4
43
183
1096
0
5
40
1101
713
0
5
5
1
54
238
1261
0
7
54
5
8
49
539
300
0
8
5
7
10
32
658
0
7
5
7
2
136
3031
0
7
5
7
2
7
2
2
1
34
124
4042
0
12
299
2599
0
4
55
555
0
4
4
1
15
98
352
146
791
1186
1188
1735
0
12
20
156
3231
0
5
36
507
0
4
20
9
96
2272
0
6
109
190
3574
0
5
15
30
203
0
5
5
1
37
297
0
6
16
188
0
4
26
177
1146
0
5
14
176
315
728
0
6
15
26
12
49
100
914
3514
0
9
44
138
749
0
5
20
51
224
2312
0
6
20
6
2
95
806
2366
0
8
120
894
3330
0
5
19
501
2792
0
5
5
1
59
2048
0
6
22
808
0
4
59
8
22
6
8
3
406
426
920
2068
0
12
57
191
2328
0
5
26
64
479
2965
0
6
19
38
756
2991
0
6
6
1
39
663
3629
0
7
158
382
0
4
40
200
424
3452
0
6
16
109
126
443
0
6
6
1
23
247
2506
0
7
23
5
44
100
106
1677
0
8
62
1809
0
4
31
480
0
4
4
1
23
18
462
0
7
23
5
23
2
111
2049
0
8
23
6
39
61
349
0
7
15
145
604
0
5
18
24
405
1808
2147
0
7
12
98
213
0
5
12
5
2
31
46
977
0
8
32
259
3598
0
5
11
447
0
4
55
241
2403
521
0
6
45
2145
0
4
10
279
1076
0
5
19
123
1179
0
5
5
1
76
2463
0
6
20
185
3837
0
5
10
21
341
4238
0
6
11
41
787
1718
0
6
6
1
23
86
1613
0
7
72
663
150
2507
0
6
12
73
489
1265
0
6
6
1
19
49
241
65
411
0
9
241
5
42
644
2761
0
7
28
703
1803
0
5
10
52
498
408
0
6
26
203
293
794
3694
0
7
18
125
1679
0
5
18
5
2
118
1339
0
7
12
52
25
756
217
4498
0
8
125
19
53
2317
0
6
33
866
2112
0
5
24
155
2079
0
5
5
1
70
753
0
6
16
223
2210
0
5
10
60
1092
3268
0
6
11
112
657
1973
0
6
6
1
23
112
8
44
230
591
0
10
21
133
559
2220
0
6
15
205
487
0
5
33
54
456
2887
0
6
11
33
7
77
510
2251
0
8
30
394
3929
0
5
19
78
2586
0
5
5
1
45
196
3463
0
7
22
336
1373
0
5
11
30
23
57
334
0
7
12
111
265
2725
0
6
43
521
223
88
2222
0
7
13
726
0
4
226
0
3
364
4160
0
4
7
12
25
135
2978
0
7
6
26
162
1053
0
6
5
45
55
258
1066
0
7
13
31
278
1482
0
6
13
6
2
168
998
3516
0
8
87
1066
18
178
2062
0
7
21
119
982
0
5
32
298
0
4
50
2201
0
4
4
1
97
3305
0
6
32
14
489
247
382
401
1477
0
9
241
241
1
16
177
505
1491
0
9
9
1
8
47
1308
0
7
44
168
57
115
3444
0
7
7
1
14
33
155
211
758
0
9
22
137
652
0
5
60
205
178
71
1511
0
7
20
330
1331
0
5
12
117
1881
0
5
5
1
31
104
1833
0
7
17
908
0
4
79
1043
0
4
4
1
15
212
1694
0
7
15
5
23
176
575
0
7
7
1
14
60
49
334
184
760
0
10
240
0
3
169
0
3
3
1
16
98
435
0
7
22
74
1455
0
5
33
85
1317
0
5
5
1
17
57
101
1044
0
8
112
278
172
3605
0
6
139
1822
0
4
64
559
280
4533
0
6
10
48
1682
0
5
28
379
0
4
15
73
405
490
0
6
15
6
2
198
2683
0
7
56
2868
0
4
17
48
26
229
2332
0
7
11
273
4479
0
5
33
67
2391
0
5
5
1
67
6
30
286
4391
0
9
160
2616
0
4
30
9
6
12
150
460
3307
0
9
7
33
28
62
584
0
7
6
14
128
1090
0
6
5
35
850
0
5
4
28
17
59
669
0
7
18
263
1387
2372
0
6
18
6
2
81
2557
0
7
13
286
56
83
2405
0
7
7
1
67
67
1
3
156
792
0
10
119
287
3069
0
5
42
504
1026
0
5
5
1
17
47
261
1348
0
8
154
5162
0
4
58
991
0
4
4
1
16
187
1894
1911
0
8
16
6
58
14
84
2841
0
8
8
1
16
10
46
631
0
8
7
60
225
1620
0
6
20
272
3855
0
5
50
340
0
4
38
744
0
4
4
1
27
1241
0
6
19
452
0
4
9
135
406
778
0
6
10
40
749
827
2537
0
7
41
626
1816
0
5
36
889
2095
0
5
5
1
33
158
772
3538
0
8
60
59
145
717
0
6
31
320
2830
0
5
18
145
10
38
59
14
89
1454
0
10
7
40
46
87
429
0
7
6
23
321
0
5
22
297
913
3555
0
6
10
19
75
1505
0
6
6
1
53
611
0
6
5
19
12
224
899
2676
0
8
59
44
414
1884
0
6
14
49
349
786
3734
0
7
44
12
20
128
231
4637
0
8
21
478
2470
0
5
33
91
1596
0
5
5
1
45
517
0
6
31
90
1266
0
5
10
62
264
2074
0
6
11
304
3452
879
0
6
6
1
23
86
752
0
7
48
323
0
4
155
467
4281
0
5
28
275
0
4
9
164
2474
0
5
9
5
2
272
194
3481
0
8
66
2226
0
4
17
248
0
4
4
1
41
174
1420
0
7
41
5
23
48
44
93
2658
0
9
31
74
434
0
5
12
102
4716
0
5
5
1
26
384
3325
0
7
26
5
8
44
25
628
3560
0
9
26
9
2
58
273
396
1744
0
9
7
19
154
299
1135
0
7
6
99
1605
0
5
28
88
672
0
5
5
1
42
329
0
6
15
443
993
0
5
10
132
2274
0
5
5
1
16
306
5070
0
7
33
160
424
1018
0
6
23
88
34
1185
0
6
6
1
19
53
213
963
0
8
75
224
212
565
0
6
13
398
3439
0
5
37
1156
0
4
125
846
0
4
4
1
27
325
3017
0
7
46
268
1779
0
5
20
222
5069
0
5
5
1
17
153
1303
0
7
17
5
8
46
20
16
73
534
0
10
84
390
0
4
37
46
12
149
1307
0
7
21
249
2621
0
5
24
889
347
1440
0
6
69
2123
0
4
22
311
3683
0
5
15
121
2470
269
0
6
15
6
2
159
4107
0
7
33
117
683
1417
0
6
11
261
465
4235
0
6
6
1
73
62
275
248
228
1950
0
10
66
238
1350
0
5
40
367
4488
0
5
5
1
20
84
79
703
1002
0
9
198
615
0
4
63
1449
0
4
4
1
17
105
2873
0
7
56
543
4618
0
5
28
206
1675
0
5
5
1
17
17
1
3
548
0
9
34
184
719
2564
0
6
68
1987
0
4
35
598
3742
0
5
23
201
5284
0
5
5
1
26
263
599
0
7
46
141
3846
0
5
11
101
720
3082
2403
1153
0
8
166
2065
0
4
34
44
292
2584
0
6
44
5
20
93
324
2177
0
8
18
484
4666
0
5
11
31
331
4923
0
6
19
247
883
0
5
11
11
1
55
938
0
7
54
1023
0
4
41
361
2684
0
5
16
214
0
4
9
95
1370
0
5
9
5
2
181
0
6
36
555
1465
0
5
9
11
36
7
33
189
1885
0
9
8
62
180
5776
0
6
20
73
187
645
0
6
6
1
56
152
1583
2178
0
8
19
70
1125
0
5
34
100
1333
0
5
5
1
18
93
99
377
2732
0
9
39
1316
0
4
68
156
714
0
5
17
173
2561
0
5
5
1
23
159
254
5294
0
8
41
95
86
503
1958
0
7
73
61
1345
0
5
19
53
370
2022
0
6
66
251
1749
0
5
11
92
2157
0
5
5
1
36
98
916
0
7
28
229
854
3192
0
6
23
47
756
1231
0
6
6
1
19
37
345
1854
0
8
55
158
678
2695
0
6
13
407
2589
0
5
37
16
157
3404
2008
0
7
38
676
2127
0
5
12
371
0
4
100
117
337
1946
0
6
27
419
1841
0
5
15
355
4680
0
5
5
1
51
1563
0
6
16
37
39
128
649
5201
0
8
57
980
5089
0
5
18
146
1649
0
5
5
1
24
407
63
336
1218
0
9
153
444
5096
0
5
13
75
489
1132
2212
0
7
70
183
1738
0
5
12
70
6
47
109
1535
0
8
44
286
900
2669
0
6
11
139
1020
0
5
19
118
1363
0
5
5
1
50
840
4695
0
7
36
149
472
0
5
11
22
458
3837
1458
0
7
12
43
1266
712
0
6
35
367
425
5170
0
6
6
1
31
321
793
4624
0
8
55
156
229
177
1197
0
7
27
130
3459
0
5
39
117
141
377
252
2462
0
8
20
286
75
96
1747
0
7
20
7
2
319
5207
0
7
5
23
205
1196
0
6
47
100
170
2768
0
6
6
1
54
358
4347
0
7
19
97
1265
1506
0
6
12
79
490
1107
4619
0
7
13
141
53
266
4709
0
7
7
1
27
68
305
3013
0
8
61
284
5826
0
5
51
197
2803
0
5
5
1
18
187
358
46
460
1094
0
10
545
0
3
498
1529
0
4
237
2606
0
4
4
1
21
613
0
6
59
887
0
4
9
203
1543
0
5
35
141
61
48
794
1549
0
8
54
87
940
0
5
13
74
798
0
5
5
1
33
424
729
4226
0
8
18
60
982
1379
0
6
41
370
357
2526
0
6
6
1
20
140
3483
0
7
98
352
1916
0
5
31
183
245
2464
0
6
17
407
270
0
5
11
215
2438
0
5
5
1
28
371
328
0
7
28
5
8
50
240
1309
2615
0
9
86
418
0
4
91
955
5468
0
5
16
325
760
1328
0
6
41
65
1668
0
5
11
41
6
8
30
1235
0
8
4
25
875
0
5
13
102
895
4225
0
6
16
30
16
2
222
783
0
8
19
203
134
5934
0
6
14
1025
0
4
28
66
460
171
2420
0
7
73
477
0
4
11
48
148
3514
1963
0
7
11
7
2
35
160
870
0
8
36
324
630
0
5
55
297
1092
1664
0
6
41
73
31
128
410
2355
0
8
19
55
15
431
4303
0
7
32
1525
3442
0
5
26
692
4219
0
5
5
1
135
1188
2070
0
7
17
152
593
0
5
11
56
599
709
2156
4105
0
8
37
454
0
4
75
330
1506
298
1575
0
7
24
446
0
4
11
23
329
968
0
6
66
102
127
4043
0
6
6
1
47
337
505
1572
0
8
35
96
361
690
4729
0
7
31
85
1477
1593
0
6
20
229
395
2273
0
6
6
1
27
329
40
845
0
8
27
6
9
204
4798
0
7
27
7
2
133
1764
0
7
5
85
34
673
0
6
18
277
3982
0
5
10
335
3187
0
5
5
1
38
580
0
6
16
196
1754
0
5
10
16
6
8
45
1191
0
8
4
97
406
1318
0
6
11
102
96
83
1420
1139
0
8
14
211
1644
3982
44
532
0
8
8
1
41
180
754
3647
0
8
7
66
121
969
0
6
30
246
0
4
39
487
1837
0
5
53
436
0
4
9
96
42
1114
0
6
19
203
258
1767
0
6
6
1
39
23
159
740
0
8
39
6
9
22
557
0
7
45
80
2419
0
5
36
248
990
0
5
5
1
25
309
3936
0
7
17
217
1951
0
5
11
92
745
5203
0
6
33
416
0
4
59
449
0
4
4
1
26
250
3856
0
7
26
5
23
57
680
0
7
7
1
14
114
2705
0
7
6
30
98
422
0
6
5
19
85
175
3726
0
7
13
363
0
4
37
261
1069
0
5
15
301
4060
0
5
5
1
34
195
5583
0
7
21
512
3418
0
5
11
74
491
4046
0
6
39
109
697
0
5
11
11
1
24
286
625
2473
0
9
120
2312
2324
0
5
14
69
1145
5514
0
6
25
115
1842
3131
0
6
6
1
25
8
144
6196
0
8
4
68
601
0
5
25
11
39
46
588
0
7
62
959
0
4
15
78
2007
0
5
16
245
519
0
5
5
1
34
83
237
598
1087
0
9
60
557
180
229
317
5808
0
8
43
738
0
4
31
333
3584
0
5
25
47
352
557
19
133
313
3343
0
10
286
92
181
1029
5245
0
7
57
164
1440
1238
0
6
82
3029
0
4
32
437
0
4
4
1
57
16
65
538
3367
0
9
57
7
25
42
261
162
2031
0
9
9
1
18
349
1541
0
7
14
128
479
2408
0
6
39
107
2681
0
5
67
1740
0
4
39
9
23
221
3926
0
7
22
275
1257
0
5
16
49
1574
0
5
5
1
39
19
87
684
0
8
105
1238
77
2151
0
6
40
424
683
1296
0
6
6
1
20
442
4685
0
7
37
234
5621
0
5
31
125
1397
5431
0
6
17
302
5708
0
5
11
177
857
0
5
5
1
28
600
6307
0
7
28
5
8
50
671
5470
0
8
5
7
10
144
210
5793
0
8
8
1
23
88
1466
0
7
13
289
4001
0
5
19
80
364
2172
0
6
51
819
0
4
110
2884
0
4
4
1
26
337
538
153
998
2156
576
4376
0
12
865
5442
0
4
15
237
224
1493
0
6
30
342
4445
0
5
41
457
6231
0
5
5
1
32
192
3129
2957
0
8
65
190
2673
0
5
12
34
255
2807
0
6
29
3031
2735
0
5
11
110
61
842
6334
0
7
82
225
1863
0
5
12
23
93
1222
0
6
23
5
8
37
147
3562
0
8
5
7
21
371
802
0
7
5
7
2
585
0
6
21
11
40
180
298
657
2372
1979
0
10
136
2789
0
4
93
39
205
988
0
6
20
190
75
678
1185
1606
3239
0
9
236
3229
0
4
19
142
3195
0
5
43
327
5277
0
5
5
1
106
2631
0
6
29
93
36
519
361
676
1199
0
9
29
9
2
64
2133
0
7
69
416
510
2399
0
6
22
273
1708
5210
0
6
6
1
34
128
303
3577
0
8
98
499
3631
0
5
46
414
1866
0
5
5
1
18
326
4978
0
7
37
120
460
844
0
6
30
181
377
1103
0
6
6
1
19
83
420
0
7
19
5
27
714
1359
5661
0
8
44
660
0
4
100
1100
0
4
4
1
23
160
860
0
7
23
5
23
2
87
336
1241
2024
0
10
144
280
2225
0
5
13
273
88
279
2669
1223
0
8
38
733
0
4
33
616
4741
0
5
17
330
832
0
5
5
1
44
54
1057
0
7
44
5
8
24
554
5607
0
8
5
7
10
45
672
1817
0
8
8
1
23
60
504
2148
0
8
7
15
292
1567
0
6
103
5485
0
4
51
325
1012
0
5
30
119
2174
0
5
5
1
28
371
245
546
0
8
28
6
24
51
21
244
0
8
8
1
16
447
2772
0
7
42
492
4348
0
5
27
137
2434
0
5
5
1
17
91
1063
0
7
17
5
8
26
368
0
7
7
1
14
505
911
0
7
6
45
88
127
926
5807
0
8
19
173
1526
0
5
25
537
0
4
81
2270
0
4
4
1
28
69
245
75
290
0
9
256
4345
0
4
12
347
1821
0
5
26
50
460
223
2619
3175
0
8
39
318
6788
0
5
13
179
4003
0
5
5
1
36
294
3357
0
7
64
289
464
4532
0
6
69
46
267
5645
0
6
6
1
19
70
1435
0
7
19
5
27
111
2670
0
7
7
1
14
97
927
0
7
6
21
140
1225
0
6
5
19
21
7
10
195
780
0
9
82
430
3283
0
5
13
65
459
4386
0
6
20
389
4557
0
5
11
413
3557
0
5
5
1
43
383
3445
0
7
33
255
475
4546
0
6
23
226
2715
0
5
17
165
6887
0
5
5
1
23
12
125
605
0
8
117
1445
3682
0
5
12
10
63
1550
0
6
29
403
3852
0
5
11
52
2876
3896
0
6
11
6
2
327
436
979
0
8
30
253
4177
0
5
19
95
1704
0
5
5
1
48
1222
517
2237
0
8
18
401
2709
0
5
12
48
12
2
32
568
0
8
13
108
3868
0
5
13
5
2
12
14
142
487
1030
0
10
69
170
1493
604
3079
3577
449
972
0
10
10
1
46
181
430
141
1421
0
9
147
562
0
4
229
843
0
4
4
1
17
118
1607
3707
0
8
50
235
5096
1649
1664
1273
0
8
8
1
16
321
1585
0
7
150
2582
0
4
26
255
154
2211
0
6
112
2668
0
4
10
54
407
1416
0
6
10
6
2
80
707
4653
0
8
34
525
5676
0
5
91
341
3095
0
5
5
1
45
329
1220
0
7
45
5
8
20
215
1444
3825
0
9
85
1038
0
4
44
446
1283
0
5
16
68
971
0
5
5
1
30
166
2006
0
7
30
5
8
30
3
1560
0
8
5
7
10
65
258
1155
0
8
8
1
23
225
701
0
7
13
158
1838
0
5
19
194
2374
0
5
5
1
17
131
5507
0
7
17
5
8
26
114
1115
0
8
5
7
10
40
700
0
7
5
7
2
110
747
0
7
5
7
2
7
2
2
1
34
116
4151
0
12
205
709
1391
6286
0
6
133
1006
0
4
101
2101
0
4
4
1
21
350
4886
0
7
29
285
6175
0
5
37
649
1863
783
1509
0
7
12
34
39
427
0
6
33
338
4318
0
5
18
271
5305
0
5
5
1
35
1401
0
6
16
141
240
1586
0
6
6
1
12
30
135
1468
0
8
95
308
6722
0
5
24
557
1077
0
5
5
1
18
37
56
1475
5374
0
9
183
1643
0
4
77
999
0
4
4
1
17
132
2426
0
7
70
463
7548
0
5
28
524
0
4
15
624
5084
0
5
9
30
54
253
364
953
0
8
56
42
596
4755
0
6
69
330
680
1284
5890
0
7
35
87
716
0
5
26
174
2548
0
5
5
1
52
408
3308
0
7
17
57
1121
3974
0
6
30
43
466
0
5
17
11
420
775
0
6
11
5
8
50
339
5791
0
8
5
7
27
536
0
6
14
391
5064
0
5
10
215
292
704
0
6
11
25
624
86
1724
0
7
22
858
0
4
96
1432
4312
0
5
22
9
97
561
7656
0
7
16
165
508
4785
0
6
29
205
227
4485
0
6
6
1
84
2398
0
6
5
26
96
32
459
562
422
1382
5438
0
11
51
731
4619
1921
0
6
17
89
2800
0
5
21
244
741
0
5
5
1
33
228
2449
0
7
52
122
5180
0
5
11
29
52
7
9
67
1220
390
2526
1856
0
12
225
344
5987
0
5
17
39
260
3962
0
6
45
404
0
4
96
64
680
173
737
5117
0
8
132
213
2613
0
5
23
373
4833
0
5
5
1
57
168
3239
1025
1797
0
9
49
1252
0
4
31
1220
53
1566
0
6
41
1134
0
4
10
154
489
2153
5676
468
6569
0
9
23
37
273
921
0
6
19
406
1633
0
5
42
239
5455
0
5
5
1
48
593
1769
0
7
96
73
1807
0
5
11
105
1292
0
5
5
1
17
95
321
544
0
8
83
1003
0
4
54
280
970
0
5
16
184
2528
0
5
5
1
22
198
2570
0
7
39
121
1659
0
5
11
39
6
64
119
922
0
8
34
395
1765
0
5
13
485
0
4
39
16
35
302
1319
0
7
29
167
7160
0
5
16
11
30
291
6244
0
7
12
169
3293
0
5
12
5
2
471
6418
0
7
12
7
2
7
2
2
1
65
539
3995
0
12
11
30
30
1
9
132
174
343
6312
0
11
10
147
673
1800
5168
0
7
26
260
204
1821
905
5903
0
8
78
1547
0
4
73
133
506
0
5
52
237
1320
0
5
5
1
38
1081
6515
0
7
29
83
134
2005
0
6
110
550
5094
0
5
17
150
689
0
5
5
1
23
192
1332
0
7
23
5
8
47
1558
0
7
7
1
14
374
5292
0
7
6
32
325
1069
1690
0
7
7
1
14
14
1
3
647
5347
0
10
89
326
1210
0
5
34
158
638
5830
0
6
27
411
3769
0
5
11
107
1541
1552
0
6
11
6
2
132
121
191
3970
0
9
127
1049
0
4
106
1297
0
4
4
1
46
810
0
6
21
367
2374
673
136
1346
0
8
81
1057
1176
0
5
42
275
1567
1152
0
6
19
286
1642
0
5
11
47
98
1293
4502
0
7
85
753
3767
0
5
12
183
576
1477
2007
1706
0
8
36
1051
5335
0
5
13
242
4306
0
5
5
1
60
1201
0
6
41
346
0
4
69
560
0
4
4
1
14
122
425
2444
0
8
32
137
1168
0
5
26
209
5202
0
5
5
1
18
634
0
6
32
16
270
2269
0
6
6
1
12
64
304
3182
0
8
30
250
1893
0
5
24
664
6289
0
5
5
1
18
30
13
71
3639
0
9
139
2533
0
4
60
73
246
1995
0
6
36
91
879
3215
0
6
6
1
25
572
7536
0
7
117
1050
0
4
23
228
512
1887
0
6
16
65
310
5703
0
6
6
1
23
14
97
580
2086
0
9
48
428
6605
0
5
61
1567
164
1794
0
6
19
165
591
3894
0
6
6
1
26
111
1173
6693
0
8
92
1819
0
4
50
654
0
4
4
1
16
50
7
63
1106
7061
0
10
261
1804
0
4
13
100
1440
1835
0
6
35
413
1164
0
5
53
521
3876
0
5
5
1
30
119
441
6792
0
8
46
248
2064
0
5
12
149
2641
0
5
5
1
18
138
4296
0
7
50
52
373
572
120
1514
0
8
25
126
4223
0
5
19
90
3366
0
5
5
1
25
12
33
643
0
8
18
31
580
120
25
10
77
828
0
10
4
78
418
2449
658
4438
0
8
18
18
1
27
342
1733
0
8
8
1
7
55
2364
0
7
4
23
155
3386
0
6
100
105
571
6250
0
6
6
1
19
60
206
3100
0
8
26
148
2422
0
5
65
186
7601
0
5
5
1
18
46
109
2076
5582
0
9
186
13
140
1328
2501
0
7
46
13
7
3
419
2852
0
8
34
414
1636
0
5
28
898
0
4
62
2055
0
4
4
1
37
661
5718
0
7
25
103
1529
2651
0
6
67
745
2202
0
5
26
65
61
229
1211
0
7
18
60
78
116
1046
0
7
7
1
32
329
1157
0
7
6
27
119
189
3065
0
7
7
1
14
268
3332
0
7
6
14
6
2
464
1444
1171
0
9
90
174
590
4750
0
6
12
173
776
5811
0
6
6
1
28
84
857
1964
0
8
95
706
8371
0
5
69
410
2528
697
2198
0
7
41
421
0
4
97
317
2131
0
5
16
282
6708
0
5
5
1
34
123
4352
0
7
21
502
5573
0
5
11
483
4750
57
813
0
7
12
59
2308
5036
0
6
58
3509
0
4
39
713
4684
0
5
22
745
129
7084
0
6
15
1050
387
0
5
11
33
258
1231
3070
0
7
33
6
14
108
1390
0
7
7
1
59
41
76
4406
0
8
93
1864
0
4
42
553
0
4
4
1
16
82
1527
4887
0
8
16
6
31
292
1015
0
7
30
347
1617
0
5
50
329
169
761
0
6
16
18
185
4441
0
6
6
1
32
183
568
1450
0
8
32
6
9
164
433
0
7
32
7
2
176
4099
0
7
5
35
399
6902
0
6
18
33
84
168
935
7006
0
8
28
175
2398
1032
0
6
14
95
176
26
242
598
2302
0
9
40
1303
3537
0
5
33
27
232
5136
0
6
20
1392
0
4
97
183
64
569
0
6
10
378
6460
0
5
21
177
2180
0
5
5
1
82
113
6133
0
7
67
291
866
4440
0
6
23
376
5893
0
5
17
790
5103
0
5
5
1
23
12
196
2624
0
8
77
422
1099
0
5
12
10
47
697
246
593
979
1601
0
10
8
16
135
1294
0
6
39
212
3658
0
5
21
62
359
7791
0
6
11
207
7079
0
5
11
5
2
135
23
47
35
133
874
0
11
10
34
267
1759
4940
0
7
79
3070
227
1171
327
1651
0
8
47
21
38
884
0
6
37
395
982
2991
4762
0
7
21
12
72
4613
0
6
13
430
1610
0
5
48
629
0
4
138
549
7782
0
5
9
159
2648
0
5
5
1
109
464
375
0
7
32
206
488
5312
0
6
32
6
2
77
117
685
7431
0
9
26
191
857
375
21
51
1221
0
9
9
1
31
269
3686
0
7
31
5
39
120
567
7889
0
8
84
230
4572
0
5
11
105
541
0
5
5
1
25
480
4804
0
7
25
5
8
20
218
7064
0
8
5
7
10
126
620
6516
0
8
8
1
23
141
1469
0
7
13
105
35
146
3358
0
7
7
1
14
267
147
1047
0
8
21
75
1958
3486
0
6
92
725
6716
0
5
40
275
915
8345
0
6
11
67
244
1302
0
6
6
1
31
88
2007
904
0
8
31
6
9
103
556
0
7
45
1282
0
4
153
2401
0
4
4
1
23
68
1678
0
7
15
435
4426
0
5
47
197
3249
0
5
5
1
17
280
1210
1027
0
8
40
60
576
952
0
6
44
1712
0
4
34
234
2515
0
5
22
474
0
4
9
57
498
3265
0
6
19
679
8477
0
5
15
48
217
2827
0
6
11
90
576
36
892
0
7
61
624
1460
0
5
18
406
1303
384
4044
0
7
12
251
3596
0
5
12
5
2
219
6007
0
7
12
7
2
7
2
2
1
80
1815
0
11
41
509
0
4
63
859
0
4
4
1
14
165
892
50
489
1360
0
10
194
1756
0
4
13
186
730
0
5
43
1558
1166
0
5
5
1
24
989
6805
0
7
46
739
0
4
21
192
1190
0
5
15
96
1365
0
5
5
1
21
12
67
188
5187
0
9
120
271
1711
0
5
13
45
179
2148
2279
0
7
35
236
2464
3322
0
6
122
1075
7512
0
5
18
115
2849
0
5
5
1
37
374
1225
2126
0
8
176
518
5724
0
5
12
47
195
2129
0
6
29
1274
5522
0
5
11
115
29
7
44
190
2516
0
9
61
158
1229
0
5
14
118
1991
0
5
5
1
43
108
652
4727
0
8
43
6
34
211
3096
0
7
30
629
412
5642
0
6
11
40
233
5410
0
6
6
1
27
569
558
0
7
19
220
6525
0
5
38
458
3624
0
5
5
1
17
263
3974
1716
0
8
44
67
129
722
0
6
30
43
51
416
2546
0
7
31
316
0
4
159
456
4961
0
5
29
91
1138
0
5
5
1
35
140
920
5275
0
8
35
6
31
24
189
861
6749
0
9
106
1305
0
4
31
11
80
239
1563
3773
0
8
21
186
219
258
768
0
7
50
235
2105
0
5
40
98
1294
588
2997
0
7
12
157
3830
0
5
12
5
2
273
1605
4309
0
8
32
510
2625
0
5
11
44
94
5937
0
6
62
608
0
4
55
1038
2076
1001
0
6
10
277
3290
0
5
21
58
846
4274
0
6
11
27
144
2571
6389
0
7
52
1116
0
4
28
744
4615
0
5
22
384
349
2969
0
6
22
6
2
62
46
292
817
6873
0
10
42
837
6059
0
5
21
43
151
0
5
5
1
135
660
2638
0
7
42
17
176
258
113
737
1744
4412
0
10
27
58
65
1026
4724
0
7
17
16
707
2191
0
6
48
424
2973
0
5
34
239
147
537
2503
0
7
18
304
1354
0
5
12
129
208
9336
0
6
23
501
5482
0
5
11
100
1146
5531
0
6
11
6
2
84
618
0
7
29
211
275
557
2039
0
7
7
1
78
1079
7830
0
7
6
20
617
7890
0
6
5
34
57
498
498
1
17
73
1381
0
11
37
357
3715
0
5
15
406
484
4214
0
6
22
133
768
217
509
463
2054
0
9
240
2105
220
303
2809
0
7
44
197
567
686
0
6
22
22
1
41
485
1744
127
1568
0
10
128
2830
4739
0
5
43
154
1845
0
5
5
1
19
337
3015
0
7
33
917
0
4
197
36
553
1014
0
6
37
70
2110
0
5
21
182
7807
0
5
5
1
27
167
1779
4494
0
8
264
4688
0
4
28
225
1946
4095
0
6
28
6
2
136
1612
0
7
45
486
8422
0
5
29
141
728
5679
0
6
16
193
5808
3277
0
6
6
1
42
219
331
4327
0
8
42
6
9
113
224
3078
0
8
8
1
16
24
367
1656
0
8
7
42
17
153
705
0
7
6
22
120
542
0
6
5
50
361
2975
0
6
6
1
27
85
1652
0
7
19
117
855
7877
0
6
12
233
472
4085
0
6
6
1
19
14
508
2108
0
8
46
310
1548
0
5
37
127
159
446
2432
0
7
32
380
0
4
116
1308
5269
0
5
16
73
218
847
7847
0
7
16
7
2
122
592
8426
0
8
36
163
7597
0
5
20
249
4607
0
5
5
1
54
1983
0
6
59
1203
7297
0
5
10
207
1017
7965
0
6
11
256
2807
3171
0
6
6
1
23
312
7129
0
7
46
76
1226
0
5
24
132
1809
5723
0
6
17
131
2460
0
5
11
29
175
1162
7084
1271
0
8
64
1137
7908
0
5
13
679
799
0
5
5
1
41
268
1384
0
7
41
5
8
20
79
1058
0
8
5
7
10
70
249
87
2325
0
9
193
209
1760
0
5
13
34
342
1539
0
6
58
421
1371
0
5
11
58
6
8
29
61
673
1860
0
10
32
148
1527
1295
0
6
13
27
192
765
0
6
6
1
62
485
330
2378
0
8
26
1049
1901
0
5
35
606
0
4
173
1440
1675
4661
0
6
22
233
209
62
24
118
712
4285
0
10
45
292
515
6089
0
6
16
183
1250
0
5
31
624
892
847
195
756
4456
0
9
91
658
1632
0
5
14
235
623
8032
0
6
25
1064
7178
0
5
11
91
17
156
4310
0
7
121
1974
0
4
63
889
4813
0
5
16
46
182
375
1126
0
7
16
7
2
236
833
0
7
5
15
459
2365
0
6
41
160
3197
0
5
10
78
497
7819
0
6
11
47
826
8175
0
6
6
1
122
265
5653
0
7
30
751
0
4
53
1781
0
4
4
1
15
39
1163
0
7
15
5
36
282
1535
4445
3451
0
9
100
560
1968
0
5
12
344
2375
0
5
5
1
26
157
718
0
7
26
5
8
165
975
0
7
7
1
14
121
104
5561
0
8
12
27
191
1227
0
6
68
1104
0
4
57
568
1469
1177
0
6
10
91
132
293
5862
0
7
30
79
260
2216
0
6
13
220
557
608
745
1567
1919
0
9
70
267
1191
4008
0
6
15
85
426
6104
0
6
6
1
58
258
694
0
7
34
274
9295
0
5
75
1208
0
4
56
2632
0
4
4
1
20
309
3949
0
7
20
5
17
193
303
607
7067
0
9
48
707
712
244
1217
0
7
16
186
850
5497
0
6
48
13
71
2044
0
6
6
1
35
279
3362
0
7
19
475
3101
7558
0
6
12
118
276
9083
0
6
6
1
19
14
133
665
0
8
132
114
2854
0
5
58
85
93
1641
0
6
18
752
5279
0
5
11
217
684
3753
0
6
11
6
2
247
4902
0
7
49
2521
0
4
94
883
4910
0
5
22
332
7073
0
5
5
1
51
982
1456
7173
0
8
51
6
29
388
9682
0
7
29
5
16
99
4855
0
7
7
1
22
29
10
185
1668
4401
0
10
5
16
16
1
12
93
73
548
5032
0
11
63
323
5350
0
5
15
179
1153
5003
0
6
44
751
285
2900
0
6
6
1
26
252
4646
0
7
44
13
143
7767
0
6
12
37
601
3996
0
6
6
1
19
130
4673
0
7
19
5
40
1008
0
6
12
19
7
9
185
69
1862
0
9
5
14
150
2429
0
6
15
59
588
1026
916
4889
0
8
107
2382
7057
0
5
18
152
4384
0
5
5
1
46
401
3220
0
7
37
58
171
4464
0
6
31
454
4389
0
5
17
239
934
0
5
5
1
23
611
5530
0
7
23
5
8
43
834
0
7
7
1
14
62
499
3671
0
8
12
78
420
2870
0
6
38
1177
339
2868
5813
0
7
20
281
6928
0
5
31
50
753
2397
0
6
18
74
4162
0
5
11
157
394
6119
0
6
11
6
2
226
3366
2172
3907
0
9
113
805
0
4
228
2304
0
4
4
1
60
1474
0
6
21
877
8496
0
5
34
351
0
4
14
73
200
6438
0
6
15
136
867
8914
0
6
6
1
27
425
2419
4315
0
8
87
659
8446
0
5
29
237
2612
7278
0
6
18
74
74
1
21
44
206
1689
0
10
246
1793
0
4
45
609
0
4
4
1
16
254
5103
1825
0
8
37
162
4121
0
5
37
5
2
94
312
763
0
8
13
239
164
1935
0
6
45
31
126
1664
3342
0
7
137
2482
0
4
37
25
621
8670
0
6
17
187
4836
0
5
34
102
4469
0
5
5
1
54
826
585
3938
0
8
41
603
7188
0
5
12
183
674
0
5
5
1
18
92
1677
6538
0
8
18
6
38
192
733
3793
0
8
8
1
16
88
1673
0
7
61
758
6150
0
5
27
135
1211
2218
0
6
24
725
1708
3912
0
6
6
1
24
8
27
16
27
2
104
585
63
365
7923
0
15
169
2060
0
4
93
380
937
0
5
36
636
0
4
9
213
2980
0
5
9
5
2
28
1060
6880
0
8
37
115
1498
0
5
11
239
137
126
132
491
4415
0
9
21
181
3506
0
5
14
221
4256
0
5
5
1
65
1272
0
6
70
606
816
7569
0
6
6
1
12
124
6836
0
7
101
3338
0
4
60
262
8700
0
5
27
87
235
794
4962
0
7
16
95
2093
0
5
12
26
442
4265
0
6
33
1173
2555
0
5
11
70
46
389
3698
0
7
23
366
8621
0
5
12
23
6
20
346
2708
0
8
95
35
603
187
206
264
1175
0
9
90
1757
7281
0
5
22
524
3306
0
5
5
1
78
384
1407
0
7
39
780
3757
0
5
11
51
558
1576
0
6
42
1148
0
4
89
2859
0
4
4
1
26
77
1989
0
7
26
5
23
61
208
1367
0
8
60
108
1632
901
9215
0
7
15
189
1551
0
5
18
240
1311
0
5
5
1
32
985
10082
0
7
17
288
7057
503
5428
0
7
7
1
14
169
215
3303
0
8
39
73
396
5861
0
6
68
808
6883
0
5
32
31
331
1244
0
6
11
85
688
0
5
11
5
2
224
1248
0
7
36
240
56
773
8631
0
7
7
1
44
398
5827
0
7
6
27
186
759
9872
0
7
7
1
14
58
553
1345
5489
0
9
149
2681
4500
0
5
40
609
415
0
5
5
1
19
611
554
4105
4961
1677
347
2363
0
12
187
177
2274
5908
0
6
43
562
3344
0
5
22
177
11
72
2174
4091
0
8
100
940
5196
0
5
13
431
5024
0
5
5
1
41
397
0
6
29
487
3819
0
5
10
477
5080
0
5
5
1
16
263
1755
0
7
82
2319
0
4
190
1824
9190
0
5
15
174
2565
0
5
5
1
21
329
2431
0
7
21
5
8
57
955
5176
0
8
5
7
10
43
78
244
886
0
9
112
3809
0
4
38
440
0
4
4
1
32
170
3879
0
7
22
94
518
1895
0
6
76
1280
8573
0
5
34
495
10092
0
5
5
1
23
249
1241
4280
0
8
48
919
0
4
34
17
230
2225
4285
1181
0
8
12
142
3926
4653
3848
0
7
43
64
1295
1233
9951
0
7
7
1
34
24
472
1417
5936
0
9
74
608
1022
0
5
47
1126
1155
3812
0
6
64
26
304
1674
0
6
6
1
26
7
29
150
797
0
9
26
7
7
1
11
181
455
10121
0
10
116
1430
0
4
71
992
0
4
4
1
16
163
1420
5056
0
8
75
1043
6662
0
5
52
1796
0
4
16
15
165
1128
7721
0
7
39
313
4812
0
5
16
12
97
2524
0
6
61
368
4273
0
5
11
54
621
638
3242
0
7
23
132
522
11057
0
6
18
369
10807
0
5
18
5
2
325
3282
0
7
18
7
2
7
2
2
1
70
479
4808
0
12
46
483
2731
0
5
22
185
909
0
5
5
1
17
163
87
521
3021
0
9
114
1060
584
6608
0
6
49
1038
1909
8722
0
6
6
1
21
245
4313
0
7
46
38
230
190
270
3186
0
8
115
605
4190
0
5
40
353
11031
0
5
5
1
25
732
0
6
30
1213
0
4
126
618
1824
296
9315
0
7
35
537
1861
0
5
21
45
765
1442
0
6
22
79
1235
5450
0
6
6
1
34
220
1237
0
7
24
224
439
8089
0
6
12
104
697
2620
0
6
6
1
19
406
1829
0
7
19
5
40
67
2105
1822
6786
0
9
106
2068
7356
0
5
12
27
453
0
5
5
1
26
232
2716
0
7
26
5
8
99
1126
261
3169
0
9
26
9
2
160
1407
597
0
8
14
473
0
4
97
209
1498
723
0
6
59
1060
150
270
130
1090
6755
0
9
25
120
1747
5754
0
6
15
243
10207
0
5
45
110
3521
0
5
5
1
59
27
66
5306
0
8
43
339
1024
0
5
12
77
625
5160
0
6
29
313
266
5744
0
6
6
1
25
43
20
693
0
8
25
6
9
52
294
4475
0
8
8
1
16
285
1181
386
8968
0
9
14
85
593
2759
0
6
21
172
6921
0
5
48
411
3527
0
5
5
1
25
35
190
223
4527
0
9
25
7
129
2048
7518
0
7
5
16
40
160
125
4424
0
8
48
29
72
557
1430
372
7767
1219
10202
0
11
331
648
0
4
136
1054
0
4
4
1
43
83
3642
0
7
34
218
1819
3351
0
6
66
118
1372
0
5
44
649
4160
7191
0
6
11
33
818
0
5
11
5
2
181
425
1083
7920
0
9
72
55
2226
6622
0
6
20
124
869
11357
0
6
6
1
50
1165
9765
0
7
50
5
28
927
4573
0
7
7
1
14
125
90
827
6820
0
9
35
113
1162
1814
0
6
28
20
36
721
9691
0
7
21
139
3503
0
5
32
579
0
4
94
577
0
4
4
1
35
28
23
436
4521
0
9
35
7
24
316
2387
0
7
5
25
150
249
582
9590
0
8
142
569
2436
0
5
12
224
334
7141
0
6
55
95
903
0
5
11
110
253
4189
0
6
11
6
2
116
536
4134
0
8
30
394
1255
0
5
19
345
6220
0
5
5
1
64
578
0
6
22
388
1461
0
5
10
563
10642
0
5
5
1
16
207
1958
2805
0
8
34
180
5078
0
5
12
64
28
92
1136
9423
0
8
13
764
0
4
104
403
4636
0
5
17
500
0
4
9
106
392
0
5
9
5
2
73
889
1803
7554
0
9
8
28
34
42
961
0
7
119
3347
0
4
25
122
1777
0
5
23
140
2504
0
5
5
1
69
1455
7242
0
7
21
169
930
0
5
11
115
518
743
0
6
97
406
458
2570
4024
0
7
18
588
1467
0
5
18
5
2
60
989
2722
0
8
58
902
0
4
52
363
5586
0
5
15
414
3462
0
5
5
1
52
12
111
3652
0
8
22
139
222
5959
0
6
48
333
5492
0
5
18
41
877
1394
0
6
11
65
1163
1848
0
6
6
1
31
990
5693
0
7
65
12
36
259
7760
0
7
7
1
14
281
1466
5359
0
8
45
467
6958
0
5
39
714
5128
0
5
5
1
18
46
631
7159
0
8
18
6
41
53
1903
0
7
32
287
7217
0
5
19
225
2317
7677
0
6
16
208
1102
10388
0
6
6
1
32
19
15
104
196
3231
8036
0
11
80
2646
0
4
120
534
6825
0
5
32
18
45
64
225
35
312
1420
798
6182
0
12
87
716
4456
2041
0
6
37
1296
5502
0
5
23
195
2053
0
5
5
1
48
131
2192
0
7
72
412
2776
0
5
11
50
399
3372
0
6
28
233
2100
0
5
11
11
1
24
359
3268
7736
0
9
248
3771
0
4
69
229
3613
0
5
18
68
1148
1216
0
6
29
508
2329
0
5
11
28
35
77
593
556
3089
0
9
29
14
158
2857
0
6
20
430
3254
0
5
20
5
2
237
1557
0
7
72
72
1
56
1163
199
0
8
159
2357
0
4
55
400
8822
0
5
22
231
7193
0
5
5
1
21
291
3396
0
7
29
47
971
4805
0
6
47
5
14
54
899
7235
0
8
35
68
81
4100
0
6
14
12
146
3209
0
6
6
1
33
554
1176
4112
0
8
20
70
894
8148
0
6
13
391
4573
532
6017
0
7
47
41
226
1694
7627
0
7
7
1
28
111
304
1020
6558
0
9
110
474
3152
0
5
60
338
4748
0
5
5
1
19
228
1711
3039
0
8
47
34
404
4501
0
6
47
6
2
123
3684
0
7
39
287
267
2085
0
6
11
156
2242
0
5
31
323
1915
0
5
5
1
37
230
927
605
922
4409
0
10
496
0
3
3845
0
3
3
1
16
290
5260
0
7
39
39
1
8
56
163
979
3505
0
10
23
256
2465
0
5
37
36
360
9120
0
6
54
145
7423
0
5
11
59
818
686
2709
5107
0
8
30
565
7180
0
5
13
132
1056
0
5
5
1
43
728
2645
0
7
51
1471
9093
0
5
11
30
23
48
298
5633
0
8
30
7
15
351
1819
743
490
6594
0
10
64
340
7536
4156
0
6
59
53
391
174
1293
4282
0
8
24
303
2169
0
5
37
78
1281
0
5
5
1
54
79
1003
4558
0
8
18
306
7279
0
5
12
223
834
1940
0
6
37
24
30
55
270
936
0
8
19
183
1758
9633
0
6
14
244
1318
6256
0
6
6
1
39
138
3559
0
7
78
50
373
4108
0
6
12
39
12
2
197
2800
4750
3872
0
10
86
4812
1199
5684
0
6
16
171
2019
0
5
60
236
2423
0
5
5
1
39
27
969
6273
0
8
59
104
469
9394
0
6
24
72
352
6047
0
6
6
1
20
297
6486
0
7
59
19
79
104
21
345
733
1825
1905
0
11
157
2000
0
4
368
1246
0
4
4
1
26
1060
1042
0
7
26
5
54
131
470
11567
0
8
53
156
270
118
910
9223
0
8
8
1
23
189
1632
1639
0
8
7
25
700
5129
0
6
62
2080
0
4
40
972
5308
0
5
37
151
3084
0
5
5
1
28
352
84
3022
0
8
28
6
24
93
1853
0
7
34
339
1073
0
5
19
89
1705
0
5
5
1
25
46
619
0
7
17
780
1731
0
5
11
97
729
6748
0
6
33
421
2689
0
5
11
11
1
24
41
410
4076
0
9
400
479
1322
0
5
14
204
4687
0
5
5
1
18
236
171
177
1605
3236
0
10
190
1073
61
1381
3066
0
7
52
739
3477
0
5
21
155
4266
0
5
5
1
27
190
20
173
2701
0
9
46
75
1433
0
5
13
342
2759
1123
9643
0
7
31
416
3354
0
5
12
241
8176
0
5
5
1
31
12
8
122
848
0
9
31
7
21
47
456
3367
6232
0
9
9
1
18
76
1580
0
7
14
88
2033
0
5
29
561
5065
0
5
5
1
17
130
1250
2742
0
8
38
1389
0
4
182
2704
0
4
4
1
16
285
1201
4621
0
8
16
6
143
2376
0
6
4
14
41
140
906
0
7
47
60
300
8841
0
6
13
95
1026
2354
9535
0
7
13
7
2
332
2476
0
7
5
57
1687
9229
0
6
20
125
1114
6572
0
6
6
1
53
267
542
3060
0
8
53
6
9
96
3623
0
7
27
148
2875
0
5
31
115
946
10416
0
6
16
71
1597
0
5
11
211
3274
0
5
5
1
36
524
1978
0
7
28
264
1993
0
5
11
17
116
1088
0
6
28
11
7
14
95
83
1242
9861
0
10
216
9365
0
4
106
1040
0
4
4
1
36
36
1
3
586
0
9
70
681
0
4
12
186
1896
0
5
42
1046
4402
0
5
5
1
20
103
3874
0
7
45
871
0
4
21
199
766
9126
0
6
58
1012
5968
0
5
21
11
63
2199
0
6
11
5
8
118
388
1143
11429
0
9
51
583
0
4
30
519
6164
0
5
16
115
121
2811
0
6
24
325
1653
0
5
11
29
227
4109
0
6
11
6
2
177
318
5907
0
8
40
405
8301
0
5
19
380
2242
706
4431
0
7
76
261
1521
0
5
12
98
3591
0
5
5
1
93
408
5394
0
7
17
146
809
0
5
11
42
111
780
399
933
0
8
42
7
15
646
9575
0
7
5
16
75
342
338
785
0
8
15
13
243
1529
4557
5895
0
8
8
1
43
689
5047
0
7
23
493
0
4
106
174
662
11624
0
6
88
326
5020
0
5
37
487
1992
0
5
5
1
27
245
1716
3741
0
8
34
480
4119
0
5
12
88
24
126
1697
0
7
40
112
1963
7086
0
6
36
209
1610
4214
3491
0
7
13
67
1662
0
5
25
498
3516
8621
2264
0
7
12
32
1075
3885
0
6
25
13
19
140
348
9544
0
8
51
185
1801
0
5
26
595
10792
0
5
5
1
69
1036
0
6
24
60
365
2414
0
6
6
1
12
38
403
1324
0
8
30
211
316
1424
0
6
13
43
121
212
4346
0
7
57
371
6205
0
5
37
112
87
1126
1711
927
891
0
9
242
4453
0
4
136
1568
3551
0
5
18
467
1216
1084
0
6
36
105
4214
104
688
2229
0
8
50
754
7000
0
5
19
91
3049
0
5
5
1
68
1029
6756
0
7
54
685
4308
0
5
11
219
3507
0
5
5
1
17
231
1073
579
1523
0
9
59
732
1864
4599
0
6
50
42
232
1792
0
6
6
1
21
330
3292
0
7
38
110
1025
5481
0
6
12
117
3498
9998
0
6
6
1
19
64
895
7311
0
8
75
255
5971
0
5
52
622
0
4
103
383
6139
0
5
9
54
73
1453
0
6
27
232
52
17
69
167
3626
0
9
14
444
7668
0
5
20
409
10959
0
5
5
1
47
545
7500
0
7
66
1691
0
4
41
559
8673
0
5
15
304
1105
0
5
5
1
21
87
168
4630
0
8
68
131
811
0
5
12
87
11
128
3717
0
7
34
286
5260
1059
0
6
66
40
281
1398
0
6
6
1
32
262
2568
0
7
19
105
182
630
7367
0
7
7
1
14
79
878
9493
0
8
46
712
3162
0
5
46
5
2
433
4707
0
7
19
27
107
2973
3883
0
7
7
1
27
8
23
371
249
1679
9111
0
11
68
76
439
2008
7847
3615
0
8
15
97
816
2643
10620
0
7
25
322
12232
0
5
43
282
3338
2643
12
95
583
509
3840
0
11
31
627
11437
0
5
16
436
1735
9479
0
6
93
468
5663
0
5
11
17
169
1595
0
6
11
6
2
78
1030
6229
0
8
53
669
8736
0
5
19
84
908
8907
0
6
17
24
356
12818
0
6
6
1
89
904
4479
8808
0
8
25
71
676
6729
0
6
13
355
7913
0
5
31
66
156
979
1212
0
7
89
24
32
156
8
23
116
676
23
3
652
4254
0
14
153
3797
0
4
216
674
2872
0
5
30
396
2597
0
5
5
1
54
263
2477
0
7
35
1376
0
4
21
225
1527
3619
0
6
57
405
599
7512
4347
7806
0
8
48
1216
389
2746
0
6
14
46
189
1035
12283
0
7
31
73
299
8495
0
6
13
84
110
341
6264
0
7
13
7
2
130
868
0
7
5
58
695
10153
0
6
20
306
1208
3414
0
6
6
1
70
739
965
12248
0
8
53
149
2623
0
5
24
110
38
381
0
6
18
454
3187
7489
0
6
6
1
25
143
889
1811
0
8
25
6
9
353
2291
0
7
52
364
6092
0
5
32
141
3965
0
5
5
1
25
19
189
91
470
1143
747
6245
0
12
239
2923
0
4
125
889
38
53
61
1038
2352
0
9
39
1217
3467
0
5
29
745
3529
0
5
5
1
35
150
1975
0
7
52
52
1
8
63
795
0
8
4
35
14
141
57
157
1211
3024
0
10
864
0
3
201
8393
0
4
16
283
14010
0
5
36
551
0
4
9
52
34
394
1979
7020
0
8
34
6
101
2960
0
6
4
15
335
7611
0
6
6
1
53
79
386
2217
10297
0
9
28
919
2618
0
5
38
92
1970
10337
0
6
19
113
2097
0
5
11
320
8898
0
5
5
1
30
253
2042
0
7
91
128
454
165
2551
0
7
7
1
14
90
2129
4567
0
8
64
549
4937
0
5
26
699
0
4
66
311
8596
0
5
9
58
224
2089
0
6
52
91
36
98
855
4078
0
8
28
71
342
828
5480
0
7
42
611
2835
0
5
26
35
138
1420
1823
0
7
12
184
6013
0
5
12
5
2
269
4948
0
7
12
7
2
7
2
2
1
72
1393
0
11
96
1075
782
0
5
21
332
1108
0
5
5
1
16
163
1596
8928
0
8
60
770
0
4
83
1049
3948
0
5
16
15
155
1254
10583
0
7
41
598
5199
0
5
12
50
687
0
5
5
1
34
180
2131
5374
6404
0
9
108
3032
0
4
35
86
1486
0
5
17
460
6901
0
5
5
1
23
427
6474
0
7
40
601
3574
9967
0
6
130
364
308
6452
0
6
6
1
19
190
1307
8765
0
8
76
563
2192
1921
6285
0
7
27
580
5626
0
5
38
214
8580
0
5
5
1
25
329
2905
0
7
17
56
1703
0
5
11
124
2351
0
5
5
1
17
12
92
239
339
1433
1345
3022
1447
0
13
427
71
183
1605
1386
0
7
30
238
8765
59
804
0
7
7
1
27
56
39
352
1472
13097
0
10
323
1780
0
4
112
889
371
647
6034
0
7
20
450
12404
0
5
52
231
841
0
5
5
1
31
488
5177
0
7
17
63
366
3247
0
6
112
30
52
20
26
233
2014
0
9
155
179
3734
9142
0
6
15
186
1215
0
5
32
442
3289
0
5
5
1
38
120
2089
281
755
11466
0
10
69
824
10515
0
5
14
315
10106
0
5
5
1
20
44
2501
5698
0
8
158
2018
0
4
87
796
0
4
4
1
16
235
3344
3116
0
8
16
6
56
112
72
276
3902
0
9
69
43
728
1820
0
6
13
143
524
1332
6178
0
7
97
751
3810
0
5
50
255
909
2865
0
6
18
550
6207
0
5
11
183
164
3573
0
6
11
6
2
320
411
2635
0
8
52
119
2359
0
5
19
237
2080
1655
0
6
17
138
360
1904
0
6
6
1
77
2113
0
6
5
19
19
1
8
28
390
6505
0
10
119
32
135
3542
0
6
16
91
409
940
3202
0
7
76
272
9227
0
5
27
214
265
4182
0
6
18
76
12
248
2177
8890
0
8
37
1106
5987
6536
0
6
14
152
3845
1991
5011
0
7
32
44
152
8
17
71
261
1311
3371
0
11
96
409
49
2961
0
6
24
670
10807
3014
10452
0
7
24
7
2
110
679
4426
5268
0
9
154
4680
8721
0
5
65
2370
0
4
179
231
259
2373
0
6
31
258
4143
0
5
15
237
126
1265
8572
0
7
34
412
2280
0
5
12
84
757
0
5
5
1
123
2101
6900
0
7
17
73
775
6748
1753
0
7
7
1
14
93
913
9452
0
8
88
1304
0
4
54
830
0
4
4
1
16
141
666
11509
0
8
16
6
62
1837
8181
0
7
30
313
2875
1584
0
6
11
111
1404
0
5
55
1992
1356
0
5
5
1
31
85
2862
0
7
23
467
1239
11405
0
6
23
6
2
120
318
1470
0
8
44
151
1870
0
5
25
442
336
7573
0
6
17
86
504
7520
0
6
6
1
38
343
6522
0
7
38
5
21
571
6062
0
7
7
1
14
99
3014
167
1175
3621
0
10
238
442
36
641
13082
0
7
16
92
467
63
407
7175
0
8
56
336
50
313
95
1055
10927
0
9
184
637
0
4
120
74
3316
0
5
48
937
3780
0
5
5
1
48
7
35
576
5421
0
9
23
96
230
2248
0
6
76
266
3005
0
5
19
304
1208
923
14028
0
7
23
18
280
5488
0
6
18
5
15
213
3812
3354
1865
0
9
33
1943
0
4
56
69
399
1559
0
6
19
32
284
8774
0
6
6
1
58
744
5120
0
7
38
120
76
52
377
7753
0
8
96
63
102
3942
0
6
20
462
10444
0
5
49
302
6713
0
5
5
1
31
189
935
5901
0
8
24
304
77
389
1040
1747
3126
0
9
64
805
4095
4940
5784
0
7
48
111
223
2220
10260
0
7
7
1
31
31
1
3
910
2102
0
10
168
1309
8728
0
5
45
1748
0
4
93
283
919
882
0
6
66
835
11291
0
5
15
115
1724
7020
919
13
501
5131
0
10
30
276
517
7462
0
6
21
219
1462
12821
0
6
6
1
49
90
879
6481
0
8
83
787
10454
0
5
35
181
3055
0
5
5
1
18
159
2564
9384
0
8
18
6
27
458
2834
0
7
84
370
8848
0
5
19
158
588
2839
0
6
16
247
4438
6358
0
6
6
1
32
171
2098
0
7
24
132
2407
0
5
24
5
2
321
6915
0
7
12
407
269
887
8927
0
7
7
1
26
676
1239
343
312
2734
0
10
98
934
4317
0
5
27
63
190
805
159
74
277
5350
4428
0
11
383
1507
0
4
139
2870
4309
5386
0
6
61
1111
0
4
10
31
166
7437
0
6
10
6
2
60
908
1329
0
8
104
1625
0
4
18
108
883
4520
0
6
16
96
240
3854
0
6
6
1
70
1215
734
10986
0
8
24
92
357
5254
0
6
13
177
1887
6621
0
6
6
1
20
261
566
14423
0
8
20
6
9
243
1839
0
7
104
51
1752
0
5
95
377
290
2581
0
6
16
52
297
2384
0
6
6
1
32
148
2072
0
7
24
51
24
2
84
176
5402
0
9
37
630
1528
0
5
33
349
5445
0
5
5
1
26
148
26
2
21
236
2277
0
11
133
4657
0
4
105
1554
0
4
4
1
19
207
3137
0
7
45
287
2678
0
5
30
267
2140
0
5
5
1
17
502
6374
0
7
17
5
8
96
129
3376
0
8
5
7
10
155
871
2063
11751
0
9
70
136
1794
6719
0
6
91
731
7282
0
5
19
50
489
5831
0
6
11
67
1897
0
5
11
5
2
79
1229
5733
0
8
39
956
0
4
74
222
3082
9650
0
6
23
469
2528
6464
0
6
6
1
70
48
392
3192
9482
0
9
55
616
8134
0
5
36
552
0
4
30
93
382
10527
0
6
23
30
7
80
3024
1320
7082
0
9
24
156
1528
149
1426
0
7
13
210
8462
0
5
31
258
730
5901
456
2357
2922
0
9
21
154
755
957
11170
0
7
21
7
2
85
663
10828
0
8
85
5
26
173
2419
4525
0
8
8
1
77
482
11675
0
7
21
23
61
304
491
4344
0
8
14
640
0
4
78
1641
4837
0
5
30
76
537
3735
0
6
83
429
10215
0
5
11
136
158
405
1566
7349
0
8
28
903
3388
0
5
13
85
57
1422
12310
0
7
48
129
192
4470
0
6
31
93
120
576
638
3882
0
8
26
75
1892
0
5
26
5
2
90
481
0
7
26
7
2
7
2
2
1
86
734
346
4342
0
13
45
251
6072
0
5
23
91
217
4909
0
6
44
763
4584
0
5
11
75
41
1286
0
6
11
6
2
32
326
2165
13439
0
9
148
305
9430
0
5
20
363
3320
0
5
5
1
49
542
2428
0
7
57
92
395
6380
0
6
30
124
1233
4067
0
6
6
1
19
268
5358
0
7
19
5
27
479
2629
0
7
7
1
14
155
300
2496
0
8
107
1870
833
5224
0
6
27
19
22
3125
0
6
6
1
20
60
473
3815
0
8
20
6
9
74
288
4363
0
8
8
1
16
421
2686
0
7
42
1454
10403
0
5
53
1544
0
4
201
1583
9858
0
5
9
27
44
122
2621
10107
0
8
28
190
548
4978
8510
0
7
29
1636
6886
0
5
20
49
109
6450
0
6
53
35
646
2336
0
6
6
1
53
8
28
28
1
5
20
20
1
4
49
23
171
625
3846
10016
0
20
10
407
615
10084
0
6
25
936
2958
0
5
23
18
562
4351
0
6
11
178
10835
0
5
11
5
2
183
1203
5564
0
8
46
1821
7454
0
5
11
13
220
4004
0
6
24
362
0
4
53
63
638
259
1091
0
7
89
1903
3435
0
5
22
150
1723
0
5
5
1
73
1073
2208
0
7
17
486
5747
0
5
11
39
445
15108
0
6
39
5
8
53
38
875
9504
0
9
140
2348
0
4
48
315
1339
11158
0
6
19
193
5254
628
10396
0
7
37
576
320
1278
14524
0
7
7
1
51
593
3374
0
7
6
22
64
872
0
6
5
45
310
5718
7036
0
7
13
97
1329
692
9470
0
7
7
1
27
193
43
1351
14549
0
9
60
235
1372
3893
0
6
29
192
376
6757
0
6
6
1
21
433
2141
0
7
27
26
365
2406
0
6
12
789
0
4
85
406
3669
0
5
56
993
10440
0
5
5
1
27
22
70
544
7726
0
9
48
104
701
8178
0
6
29
48
7
38
122
256
3270
0
9
15
918
0
4
38
10
217
394
1843
0
7
17
154
523
0
5
39
148
381
1967
0
6
31
450
1543
9770
0
6
6
1
52
733
3107
0
7
24
206
4769
0
5
24
5
2
230
1100
8772
0
8
177
783
8157
0
5
11
191
5498
0
5
5
1
30
401
5204
0
7
30
5
8
20
281
1537
0
8
5
7
10
70
96
703
10377
0
9
82
4587
0
4
82
4
2
46
271
6471
0
8
21
143
1508
13621
0
6
71
1394
3748
0
5
31
83
565
3357
8623
0
7
37
218
4074
0
5
12
155
436
2249
0
6
23
324
9701
0
5
11
75
507
11729
0
6
11
6
2
48
145
3401
0
8
48
5
16
427
1701
0
7
37
37
1
92
498
2639
0
8
15
157
2018
1603
0
6
27
185
2629
489
765
4359
0
8
14
490
3387
0
5
32
546
8802
0
5
5
1
31
78
654
7492
0
8
18
389
1158
0
5
12
77
682
0
5
5
1
18
12
8
15
47
2475
13484
0
11
75
81
3613
3700
0
6
53
345
3294
0
5
21
127
6019
0
5
5
1
27
65
1490
0
7
84
920
6462
0
5
11
29
248
1557
3691
0
7
12
43
314
11974
0
6
35
488
1760
5920
0
6
6
1
31
76
724
0
7
19
377
974
0
5
31
10
195
3801
0
6
17
264
3015
6215
0
6
6
1
24
243
1003
3468
0
8
85
323
1822
4442
0
6
13
374
6647
0
5
31
31
1
20
235
366
1807
8064
0
10
39
294
4352
7323
0
6
21
95
1027
6843
0
6
6
1
21
8
37
176
1013
0
9
249
2503
6390
0
5
36
888
0
4
252
5548
0
4
4
1
22
367
6200
0
7
87
1792
2693
0
5
20
53
141
1554
1015
7288
0
8
38
360
1729
0
5
13
74
660
6465
0
6
52
345
159
1178
0
6
6
1
37
57
731
990
4021
0
9
59
1936
0
4
49
614
0
4
4
1
17
125
2300
0
7
54
1608
0
4
10
100
4948
2122
0
6
33
1092
9987
0
5
51
517
1327
0
5
5
1
27
199
3104
0
7
27
5
8
71
335
2259
0
8
5
7
10
33
28
671
9440
0
9
59
59
1
25
658
6030
0
8
17
57
74
89
620
7080
0
8
8
1
15
263
2500
0
7
30
407
684
5770
0
6
63
644
11785
0
5
42
761
7401
0
5
5
1
23
367
144
6629
0
8
30
24
214
1823
2222
11651
0
8
8
1
16
362
677
0
7
39
201
781
0
5
27
84
284
1532
0
6
44
784
0
4
117
2850
0
4
4
1
26
575
11521
0
7
26
5
23
49
146
3128
0
8
40
2168
0
4
18
348
3020
0
5
15
87
204
3505
3835
0
7
24
64
652
2616
11439
0
7
7
1
38
206
535
15734
0
8
31
275
6601
0
5
27
65
353
2512
0
6
65
5
8
14
419
7731
0
8
5
7
28
153
2647
0
7
5
7
2
468
2729
0
7
5
7
2
7
2
2
1
46
527
13434
0
12
375
6164
3267
0
5
16
120
1053
11755
0
6
45
717
11328
0
5
11
399
1658
0
5
5
1
28
47
440
5108
0
8
55
1207
0
4
105
1311
1947
0
5
16
33
217
655
0
6
33
5
8
18
119
2013
0
8
5
7
62
1864
3024
1215
1425
0
9
233
2175
0
4
32
510
6857
0
5
17
234
7203
0
5
5
1
54
293
6126
0
7
28
59
254
5687
0
6
44
187
5267
0
5
17
23
176
389
527
101
2548
8712
0
10
281
655
63
248
487
3257
0
8
59
28
30
238
1841
10727
0
8
8
1
44
33
78
560
6222
0
9
67
1343
0
4
67
4
2
141
398
5356
0
8
20
405
1213
4972
0
6
58
1775
0
4
16
112
2198
7805
0
6
10
54
80
1318
3932
0
7
81
573
13300
0
5
75
579
3144
0
5
5
1
54
18
129
1231
7766
0
9
54
7
21
481
1217
2696
0
8
50
1411
0
4
44
73
964
0
5
25
368
3888
0
5
5
1
31
251
1222
9198
0
8
22
487
106
3376
1460
7314
0
8
8
1
16
72
2269
8260
0
8
7
45
218
738
10002
0
7
6
80
78
114
5112
0
7
7
1
22
32
180
2517
0
8
22
6
16
30
140
998
9827
0
9
77
685
3249
7415
0
6
13
517
466
8862
0
6
6
1
29
655
170
5352
0
8
29
6
9
23
188
7290
0
8
8
1
16
37
528
13580
0
8
7
53
560
173
1413
0
7
6
22
53
8
11
290
1636
1177
6024
0
11
6
11
2
181
1819
4155
0
8
15
388
3599
0
5
121
3375
0
4
136
1404
2128
0
5
9
54
154
946
3720
0
7
40
418
8175
6477
0
6
34
2208
1116
7102
0
6
6
1
67
224
2729
373
4119
3496
0
10
207
1635
0
4
38
419
399
353
409
2280
2231
0
9
41
1375
13600
0
5
47
358
10779
0
5
5
1
33
267
1651
7747
0
8
74
557
5002
0
5
12
401
961
4761
0
6
51
607
6392
0
5
11
97
1111
1817
9696
0
7
76
779
16136
0
5
12
23
142
4892
0
6
23
5
8
37
142
8
3
1999
0
10
75
271
971
4478
0
6
16
156
1599
0
5
19
807
0
4
86
1476
0
4
4
1
71
646
1318
303
4280
5516
0
10
29
189
2066
0
5
23
44
280
2135
0
6
34
131
3343
10237
0
6
6
1
27
527
391
4313
5348
0
9
117
589
14627
0
5
26
583
3262
0
5
5
1
19
56
1157
8216
0
8
77
253
2920
0
5
12
94
5013
0
5
5
1
18
348
596
9157
0
8
18
6
46
537
1617
8078
0
8
8
1
16
95
845
10626
0
8
7
129
370
2031
10266
0
7
6
22
251
348
31
351
4397
0
9
68
3350
0
4
107
1500
0
4
4
1
32
327
7930
0
7
24
637
2280
206
630
1883
0
8
39
695
3182
8615
0
6
37
159
836
0
5
73
401
196
4787
0
6
11
191
1170
14343
0
6
6
1
38
242
3641
0
7
38
5
21
433
1287
13919
0
8
38
8
2
310
1331
12270
0
8
6
23
159
41
257
14354
0
8
8
1
31
84
746
0
7
31
5
31
2
24
73
55
623
6845
0
11
54
321
2110
7203
588
2138
0
8
25
466
399
297
1991
2593
0
8
8
1
34
196
78
440
653
0
9
120
676
2121
0
5
39
102
2302
8170
0
6
61
1794
1925
0
5
11
42
837
7427
0
6
11
6
2
57
870
10910
0
8
38
89
874
8085
0
6
12
201
828
3077
0
6
6
1
51
320
1452
0
7
85
1063
9946
0
5
38
24
87
804
2905
2943
0
8
32
172
5387
0
5
13
484
7359
0
5
5
1
30
503
6028
0
7
30
5
8
20
624
6972
0
8
5
7
10
304
1872
0
7
5
7
2
72
556
4870
0
8
15
463
7385
0
5
12
71
330
3747
0
6
70
1340
0
4
228
4762
8143
0
5
15
20
41
172
62
754
3815
1727
0
10
42
115
2353
0
5
15
15
1
66
2366
12978
0
8
43
1202
0
4
32
87
94
315
1573
0
7
60
1522
0
4
11
138
2829
0
5
28
735
0
4
9
170
577
5347
9033
0
7
20
53
555
11636
0
6
69
2506
12941
0
5
22
315
36
1156
11914
0
7
18
346
1897
2092
0
6
18
6
2
106
671
1062
0
8
63
785
4075
0
5
26
396
3556
0
5
5
1
80
666
2719
0
7
31
259
1693
0
5
11
70
118
4192
0
6
34
243
1256
14926
0
6
6
1
24
189
458
2416
0
8
42
118
19
428
8892
0
7
32
108
2322
0
5
32
5
2
62
139
2359
2945
0
9
101
855
3318
0
5
12
169
3698
6334
10479
0
7
26
70
53
108
28
122
1596
3275
0
10
161
0
3
542
1950
11917
0
5
25
318
2756
0
5
5
1
64
1049
3286
0
7
30
234
925
0
5
11
88
2829
158
2076
7779
0
8
76
590
8689
0
5
13
264
1359
10373
0
6
94
186
3123
0
5
11
24
99
2760
0
6
11
6
2
86
579
865
10601
0
9
86
6
9
3
65
1077
9726
0
9
6
8
42
118
118
1
64
64
1
3
15
238
945
16566
0
16
523
1672
0
4
217
1028
0
4
4
1
17
981
0
6
29
610
13623
0
5
59
972
4726
0
5
5
1
16
27
604
10046
0
8
46
564
16199
0
5
12
143
1628
0
5
5
1
18
226
5099
0
7
118
61
421
2018
1578
0
7
7
1
14
1153
6965
0
7
6
50
938
11933
0
6
5
27
43
308
3372
5269
7544
0
9
94
123
2991
8488
0
6
15
90
2182
0
5
19
219
2676
12418
0
6
11
129
613
11537
0
6
6
1
45
938
39
482
2277
2456
0
10
200
6828
0
4
106
294
1490
1572
11293
0
7
59
103
4110
0
5
38
455
6174
0
5
5
1
31
291
5242
0
7
17
129
44
731
1442
6019
1606
10667
0
10
38
22
345
1460
1000
0
7
17
17
1
25
240
2599
13470
0
9
87
397
6376
0
5
37
643
9082
0
5
5
1
18
133
2524
6181
0
8
151
3014
2981
0
5
12
151
6
89
542
278
12821
2778
0
10
49
1343
1134
9680
0
6
13
255
3291
0
5
21
656
0
4
98
2708
6639
0
5
9
54
626
12620
0
6
20
430
5368
0
5
11
134
9522
0
5
5
1
59
114
1063
570
0
8
59
6
20
20
1
11
18
71
523
250
9339
0
13
50
191
717
1309
2880
0
7
106
147
8008
0
5
32
387
8926
0
5
5
1
27
204
1404
1009
14272
0
9
62
398
1210
8494
0
6
43
216
4018
0
5
19
203
11333
0
5
5
1
25
140
1110
0
7
42
318
385
15804
0
6
23
742
0
4
101
425
5936
6397
0
6
10
123
242
775
3228
0
7
23
17
171
2232
0
6
13
79
2606
11781
0
6
6
1
42
37
172
600
11032
0
9
67
1056
5278
0
5
55
765
1872
646
959
11223
0
8
119
1377
0
4
51
703
1973
13280
0
6
31
237
3302
0
5
23
49
179
3320
2421
0
7
56
940
3404
12082
0
6
18
141
1319
9771
0
6
6
1
56
14
340
5294
12169
0
9
56
7
23
30
476
14148
0
8
51
47
1095
0
5
41
675
14953
0
5
5
1
27
150
2264
4594
0
8
18
41
14
34
579
464
8811
0
9
35
1873
0
4
78
830
3331
0
5
25
149
2664
0
5
5
1
31
84
878
4343
0
8
31
6
67
115
713
9135
0
8
8
1
16
445
2293
0
7
70
574
16564
0
5
27
57
839
0
5
5
1
17
160
6167
0
7
17
5
8
26
595
4642
0
8
5
7
10
183
2376
5015
0
8
8
1
23
105
1543
2174
6741
0
9
79
184
3286
592
7977
0
7
22
375
1590
0
5
28
625
2433
0
5
5
1
26
41
107
1037
0
8
33
1218
12182
0
5
12
360
1869
0
5
5
1
18
125
1840
0
7
35
121
1299
0
5
11
318
261
2979
0
6
108
667
0
4
132
3098
0
4
4
1
26
44
441
9538
0
8
44
5
24
628
2385
0
7
34
161
684
1807
1976
0
7
7
1
22
78
161
10
103
484
922
5596
0
12
64
622
4604
0
5
29
604
591
9629
0
6
53
721
6197
0
5
11
64
17
138
853
15437
0
8
50
382
2869
0
5
13
309
7701
0
5
5
1
46
617
8345
8915
0
8
18
100
1931
0
5
12
48
2204
0
5
5
1
18
12
8
15
586
5061
0
10
68
1177
1431
0
5
14
248
1639
5402
3053
0
7
85
1020
5732
0
5
12
24
104
2393
14485
0
7
12
7
2
733
2356
0
7
5
15
37
366
2089
3864
0
8
44
127
2178
12526
0
6
96
2328
13903
0
5
18
58
1644
11807
0
6
11
102
1108
4108
5557
0
7
32
471
10096
0
5
18
18
1
79
228
1012
5103
7415
1552
9972
0
12
55
402
17530
0
5
17
129
621
6754
0
6
35
206
1251
0
5
11
40
1494
0
5
5
1
32
40
7
43
494
0
9
267
1459
0
4
209
4972
1711
4890
0
6
29
177
2433
265
3807
0
7
21
593
2584
12703
0
6
13
166
3272
0
5
36
1006
10629
0
5
5
1
42
479
2831
0
7
23
314
2264
401
1295
6921
6535
0
9
49
457
11449
0
5
20
594
0
4
54
624
1143
4438
3381
0
7
25
402
95
1375
1539
8200
0
8
144
2051
15858
0
5
24
170
1076
13918
0
6
61
819
11519
0
5
11
103
268
2893
0
6
11
6
2
181
1631
16937
0
8
30
481
1768
0
5
19
601
4201
0
5
5
1
80
1062
1078
0
7
55
150
481
18
164
3983
0
8
25
63
1088
5332
0
6
37
211
5040
0
5
25
11
45
823
0
6
11
5
8
20
94
856
0
8
5
7
35
174
5166
0
7
5
7
2
65
969
5739
0
8
15
246
7632
0
5
12
204
684
364
4262
0
7
18
57
484
359
6152
0
7
7
1
74
1643
10708
0
7
6
50
343
3481
13222
0
7
7
1
14
308
917
8609
0
8
41
456
3197
8205
0
6
20
67
538
11640
0
6
6
1
20
8
16
539
10356
0
9
181
132
441
434
13229
0
7
35
82
2622
0
5
69
1227
8156
0
5
5
1
26
453
6860
0
7
17
279
8063
0
5
11
114
808
7362
0
6
43
269
3561
0
5
11
11
1
24
195
2473
11967
0
9
49
230
2707
0
5
14
81
1971
0
5
5
1
18
111
3716
0
7
42
261
515
8364
0
6
37
168
3711
0
5
17
53
469
3350
1596
1189
0
8
90
1015
2426
10824
0
6
19
213
3824
0
5
19
5
2
166
305
3163
0
8
19
8
2
8
2
2
1
50
146
2271
0
12
172
788
14992
0
5
23
311
4579
0
5
5
1
17
51
732
5179
0
8
26
115
686
6092
4760
0
7
75
1781
8339
0
5
19
42
81
93
3276
0
7
12
38
1020
482
1065
0
7
7
1
34
583
1742
0
7
6
77
1735
4998
0
6
5
28
659
7888
0
6
6
1
19
35
175
8592
0
8
53
109
3130
0
5
18
131
1792
2542
0
6
18
6
2
91
3290
9050
0
8
19
25
298
6133
9731
0
7
46
579
795
4783
0
6
19
13
427
2776
6439
0
7
13
6
9
180
2062
14029
0
8
28
60
1476
1860
8583
0
7
15
303
1858
0
5
54
418
1983
8702
0
6
24
209
479
448
15000
0
7
18
61
406
2994
0
6
13
39
1176
6355
0
6
6
1
92
2821
0
6
5
32
515
211
375
770
4660
0
9
57
335
2551
4766
0
6
15
51
164
400
5950
0
7
40
535
2428
3351
6961
0
7
7
1
35
126
4253
0
7
6
22
726
14162
0
6
5
42
173
2102
3963
0
7
13
61
67
342
4766
41
352
4569
0
10
676
1732
0
4
512
10396
3150
0
5
25
138
729
6020
0
6
32
73
1780
4584
3436
0
7
32
7
2
160
887
3886
0
8
132
365
3109
0
5
26
237
1015
287
3719
0
7
18
119
1033
0
5
12
230
334
6924
0
6
38
235
2786
0
5
11
353
2103
0
5
5
1
93
252
2762
0
7
28
172
291
1288
0
6
23
291
5
15
123
1110
1131
0
9
135
4463
0
4
85
753
8207
0
5
15
15
1
32
75
293
2436
6980
0
10
104
761
2657
0
5
15
14
392
3709
0
6
39
185
2988
0
5
11
62
1191
8564
0
6
11
6
2
104
25
121
921
10948
0
10
32
39
22
160
114
446
8972
0
9
60
246
543
13462
0
6
23
75
54
243
1650
0
7
88
1572
1392
10041
0
6
13
174
575
2669
11902
0
7
13
7
2
45
599
5227
0
8
149
1081
10829
0
5
64
905
10855
0
5
5
1
94
608
7620
0
7
23
45
23
2
26
165
5016
0
9
60
60
1
17
416
6141
0
8
34
387
1297
10770
0
6
55
665
8573
7701
929
17275
0
8
14
117
2149
0
5
42
248
903
3715
9264
0
7
43
540
16933
0
5
12
197
6412
0
5
5
1
43
12
8
27
1124
0
9
53
407
2822
0
5
13
92
327
2107
0
6
50
494
839
1139
12708
0
7
37
540
37
2
80
731
1490
1516
0
10
150
731
6
20
632
0
7
17
85
205
11241
0
6
10
14
73
285
6171
0
7
13
43
56
1255
7159
6947
0
8
60
108
1095
1253
15219
0
7
15
212
5785
0
5
63
763
3746
0
5
5
1
82
661
10490
0
7
17
45
142
2322
1815
9825
0
8
32
210
3908
0
5
19
468
2783
0
5
5
1
25
228
963
13832
0
8
18
322
5552
0
5
12
117
142
31
1262
0
7
38
323
3123
1772
0
6
83
3312
0
4
297
2133
12223
0
5
22
253
2294
0
5
5
1
40
435
9974
0
7
27
149
225
5464
0
6
27
6
2
132
382
1126
5865
0
9
160
279
730
3975
0
6
13
118
1727
2030
0
6
6
1
34
219
1694
6838
0
8
74
815
0
4
56
134
1564
0
5
50
178
3678
0
5
5
1
22
63
129
1046
6185
0
9
43
154
2540
0
5
13
42
235
414
7178
9071
0
8
36
1012
1078
925
1895
7963
0
8
8
1
30
947
0
6
57
538
838
15384
0
6
6
1
12
127
1133
0
7
98
1639
1171
10276
0
6
12
11
382
96
1141
0
7
13
48
1205
0
5
53
261
789
3594
0
6
18
161
1272
8368
0
6
6
1
37
255
1680
0
7
24
622
1276
0
5
24
5
2
134
103
1023
13763
0
9
91
687
5245
12718
0
6
26
358
2591
16780
0
6
6
1
33
1374
0
6
5
26
13
58
1198
15972
0
8
95
1077
1950
2016
0
6
14
284
3103
0
5
18
64
406
666
2104
17045
0
8
19
246
452
14367
0
6
19
6
2
60
292
9240
0
8
14
27
203
1671
0
6
12
110
4926
0
5
33
56
181
960
0
6
11
120
2362
0
5
11
5
2
30
152
4970
0
8
30
5
8
3
2002
0
7
110
30
8
7
4
211
709
11826
0
10
358
99
2048
7696
0
6
36
190
3956
0
5
26
98
169
2127
13714
0
7
24
133
1850
0
5
12
64
92
419
2730
0
7
12
7
2
55
472
8126
0
8
45
357
4473
0
5
20
412
4976
0
5
5
1
142
337
9684
0
7
23
515
771
15544
0
6
55
28
650
0
5
17
386
5576
0
5
5
1
23
18
143
2046
0
8
41
742
1778
0
5
12
54
590
2150
0
6
29
1304
4991
0
5
11
120
125
1550
12196
0
7
47
1698
0
4
111
1038
5695
0
5
16
1110
689
6356
0
6
27
163
5496
0
5
11
27
6
8
47
24
109
934
4632
0
11
10
134
246
195
1086
0
7
38
422
10629
1336
0
6
21
1353
18558
0
5
29
61
819
1292
11601
0
7
18
84
1712
10369
0
6
18
6
2
134
33
204
1219
7845
0
10
40
434
1166
10285
0
6
14
227
6504
0
5
34
411
5261
0
5
5
1
119
807
2815
0
7
39
718
9356
0
5
11
70
1736
0
5
5
1
17
143
135
784
3383
0
9
322
509
6051
0
5
13
307
15973
0
5
5
1
19
283
4851
0
7
36
227
53
374
3634
0
7
7
1
14
62
780
6518
0
8
122
2351
5515
0
5
26
242
1941
0
5
5
1
18
96
409
2963
0
8
18
6
88
768
9945
0
7
32
585
8832
0
5
19
50
490
3802
0
6
16
173
958
15752
0
6
6
1
32
19
15
631
7591
0
9
83
575
792
14806
0
6
14
63
509
90
1217
3196
0
8
47
187
3298
0
5
40
144
1470
5164
0
6
19
31
611
5751
0
6
6
1
40
14
28
272
5359
7649
0
10
166
1235
8221
0
5
27
222
4617
0
5
5
1
20
309
1719
0
7
84
198
11777
0
5
11
160
603
8793
0
6
37
493
6607
0
5
11
11
1
24
249
3740
0
8
68
1715
0
4
279
624
1551
8749
0
6
23
318
1835
11374
0
6
6
1
23
8
20
49
1347
0
9
107
1876
0
4
25
710
0
4
4
1
17
207
3126
5077
0
8
21
276
5024
8649
0
6
30
437
13237
0
5
60
485
9756
0
5
5
1
24
64
417
17017
0
8
24
6
20
47
136
3193
0
8
8
1
16
172
1044
15099
0
8
7
106
2210
15398
0
6
20
20
1
15
177
1685
17940
0
9
71
2237
12539
0
5
43
679
5448
0
5
5
1
18
223
5137
0
7
31
169
482
1334
0
6
32
208
7774
0
5
17
89
2324
13418
0
6
11
137
9031
0
5
11
5
2
352
1181
8247
0
8
62
281
3495
0
5
11
13
309
178
742
453
1508
4133
0
10
199
3805
0
4
128
6018
0
4
4
1
60
116
6301
0
7
60
5
27
211
562
4451
0
8
38
422
422
1
17
61
415
8834
0
10
33
404
7602
0
5
21
155
4154
0
5
5
1
18
95
665
1024
8349
0
9
114
1109
0
4
47
146
1478
18866
0
6
90
293
1161
0
5
23
207
190
601
1724
5220
0
8
52
3933
0
4
23
12
535
1314
0
6
23
6
2
108
970
12058
0
8
18
48
776
11381
0
6
12
19
315
2843
0
6
6
1
62
122
399
3054
0
8
20
183
2158
0
5
51
1358
0
4
43
179
2293
2199
7021
0
7
114
77
1495
0
5
16
217
2679
0
5
5
1
34
495
8815
0
7
17
119
494
1075
6078
0
7
7
1
14
361
10223
0
7
6
55
639
18626
0
6
5
27
150
1079
10418
0
7
13
182
6617
0
5
11
188
3508
0
5
5
1
30
296
8622
0
7
17
44
2025
0
5
11
17
6
32
237
1360
10862
0
9
152
764
8206
0
5
14
54
664
11842
0
6
17
19
116
206
1999
3395
0
8
110
772
15159
0
5
19
12
130
6080
0
6
19
6
2
149
1030
6581
0
8
19
8
2
8
2
2
1
64
347
9044
0
12
24
347
5
29
645
14624
0
8
16
128
259
2968
0
6
32
70
605
7806
6517
0
7
85
1178
4131
0
5
23
195
684
1870
4828
0
7
12
34
147
2574
0
6
25
422
269
1792
1635
3544
0
8
39
643
2679
167
5648
0
7
21
270
7588
0
5
33
280
3451
10029
0
6
26
605
50
581
0
6
6
1
78
2271
1748
5494
0
8
32
65
1934
16991
0
6
13
166
539
1878
0
6
6
1
20
234
2964
0
7
44
161
1024
306
6558
7947
0
8
27
193
4663
0
5
52
290
3671
9704
0
6
25
78
45
874
3272
2113
5966
0
9
176
3897
0
4
262
6833
0
4
4
1
43
268
2063
5241
0
8
36
702
0
4
11
205
1303
11107
0
6
35
1631
2071
0
5
46
1731
7623
0
5
5
1
28
623
3378
0
7
71
485
529
0
5
11
28
11
2
184
2461
16975
0
9
57
1146
10708
2011
0
6
37
614
4282
7878
0
6
6
1
33
138
1639
1148
8170
3377
0
10
426
10092
9132
0
5
36
68
623
47
411
821
0
8
76
3076
0
4
76
4
2
47
12
193
120
925
1203
4903
0
12
7
66
3279
0
5
29
236
5392
0
5
5
1
49
637
3535
0
7
16
243
1549
14478
0
6
61
483
9016
0
5
17
301
14005
0
5
5
1
23
243
18
432
17195
0
9
93
1662
7254
0
5
13
196
3472
0
5
5
1
19
300
5093
0
7
42
1277
0
4
73
1447
6344
0
5
15
624
710
686
1956
0
7
16
58
1188
14337
0
6
58
5
15
15
1
32
241
7699
0
10
120
97
3780
5885
0
6
16
22
1329
4897
0
6
6
1
19
51
476
2735
13733
0
9
70
331
8811
2714
0
6
14
397
2989
0
5
40
818
8102
0
5
5
1
25
247
5703
12202
0
8
152
420
9957
0
5
12
142
1119
0
5
5
1
18
111
1070
0
7
78
269
347
388
3934
0
7
7
1
14
44
299
6880
9721
0
9
57
220
5066
0
5
27
302
5879
0
5
5
1
19
76
194
11330
0
8
51
81
2061
0
5
12
51
6
77
553
9501
0
8
13
153
4324
0
5
13
5
2
217
561
7786
0
8
13
8
2
8
2
2
1
39
407
1647
0
12
32
139
3378
295
16766
0
7
71
297
1532
4436
0
6
43
336
6050
0
5
36
267
2495
0
5
5
1
30
553
55
579
2060
9832
0
10
167
442
6085
0
5
14
101
2986
0
5
5
1
20
411
291
1880
0
8
59
3070
11737
0
5
12
57
113
6802
0
6
49
275
4432
0
5
11
350
13134
0
5
5
1
29
294
3220
10164
0
8
29
6
20
37
353
1935
9992
0
9
145
4897
215
9679
0
6
13
107
942
0
5
27
151
3173
0
5
5
1
33
369
9349
0
7
105
2861
0
4
278
3184
0
4
4
1
15
263
4601
0
7
15
5
23
319
14916
0
7
7
1
14
98
1377
3037
0
8
62
748
0
4
25
241
285
1756
11520
0
7
18
230
2016
1484
0
6
64
623
407
165
1871
0
7
13
71
160
1057
12616
0
7
7
1
39
180
2193
0
7
6
22
308
2454
0
6
5
58
331
300
359
2483
0
8
52
542
3264
0
5
12
143
1242
7870
0
6
19
249
1081
1937
0
6
6
1
38
903
1890
17164
0
8
25
73
382
1622
0
6
13
59
175
2290
0
6
6
1
20
151
133
1468
13253
0
9
151
6
10
210
1806
0
7
67
2165
5562
0
5
53
1269
18113
0
5
5
1
26
653
3906
0
7
17
461
0
4
122
873
0
4
4
1
15
147
699
6983
0
8
61
482
1037
3003
17680
0
7
23
158
3610
0
5
34
717
3297
0
5
5
1
25
80
1930
0
7
17
40
407
145
218
4403
0
8
32
312
6073
0
5
19
112
4492
0
5
5
1
25
25
1
3
1593
14751
0
10
89
1078
1767
14633
0
6
96
1329
465
15614
0
6
6
1
19
29
267
329
6878
0
9
113
295
351
4122
0
6
14
223
1122
0
5
41
1537
5241
686
521
9571
0
8
60
1070
448
2365
10850
0
7
75
2137
0
4
110
873
115
2496
5648
795
2419
5828
0
10
61
113
41
31
1154
0
7
21
805
6149
0
5
41
10
14
48
1027
5037
0
8
41
8
2
422
835
6285
6963
0
9
69
2656
0
4
43
413
12656
0
5
26
172
1227
2666
0
6
78
509
1383
0
5
11
375
2408
14473
0
6
11
6
2
35
758
10287
0
8
41
43
31
62
317
12430
0
8
8
1
120
600
3384
0
7
71
304
4025
0
5
34
184
758
26
48
72
4027
0
9
63
1431
3070
435
1999
983
18421
0
9
9
1
30
471
3019
0
7
30
5
27
403
7890
11460
0
8
44
571
6576
0
5
11
66
739
7424
0
6
70
633
17718
0
5
11
11
1
32
216
3502
0
8
24
992
9832
505
14062
0
7
39
365
2420
15088
0
6
26
67
300
359
359
1
24
19
207
1199
8624
0
13
333
9159
0
4
137
1303
875
5638
0
6
23
282
7662
0
5
49
512
2481
18052
0
6
11
54
1084
7925
0
6
6
1
36
570
3611
0
7
53
341
7528
0
5
24
46
901
10220
0
6
17
300
57
549
7319
0
7
18
458
4009
0
5
18
5
2
168
2792
17090
0
8
91
1982
0
4
65
1007
0
4
4
1
46
35
184
159
4329
0
9
146
1297
2337
0
5
28
930
9305
0
5
5
1
19
100
3259
0
7
47
892
11190
0
5
11
83
1617
4456
9152
0
7
12
471
174
2417
0
6
72
195
1109
1338
18600
0
7
13
125
1839
6349
0
6
13
6
2
73
472
1911
16417
0
9
57
92
1926
0
5
40
398
3683
16003
0
6
18
93
893
0
5
11
51
747
7569
10462
0
7
38
508
9146
0
5
12
56
2014
7166
0
6
23
163
1867
0
5
11
23
6
8
117
2281
0
8
4
113
352
1480
0
6
11
14
345
3863
0
6
6
1
106
1548
11507
0
7
43
307
1795
0
5
32
241
623
611
1698
1922
0
8
32
8
2
88
1764
15176
0
8
6
28
140
3748
5632
0
7
28
6
8
10
389
5025
0
8
5
32
24
204
1886
0
7
15
533
18239
0
5
11
61
420
902
9443
0
7
12
93
110
438
17661
0
7
7
1
69
406
2148
12150
0
8
34
358
2087
0
5
27
336
826
10715
0
6
51
130
1329
508
126
2786
2705
15078
0
10
59
629
12097
0
5
21
460
7441
0
5
5
1
39
327
2513
0
7
45
1212
7885
0
5
11
65
250
3889
0
6
38
162
10806
0
5
11
11
1
24
89
560
4921
0
9
199
1610
8341
0
5
14
150
1448
0
5
5
1
18
200
4060
15111
0
8
81
952
12381
0
5
12
101
882
6794
0
6
43
162
43
2
150
27
92
233
5197
0
11
47
279
1805
0
5
22
761
2748
0
5
5
1
40
246
2067
0
7
82
2531
0
4
212
2546
12154
0
5
15
156
4843
0
5
5
1
21
110
150
42
1139
2612
10928
0
11
42
6
55
954
19031
0
7
32
185
2781
0
5
22
49
418
2992
0
6
16
1125
16064
0
5
11
24
112
686
638
6117
0
8
95
1677
10519
0
5
13
326
6331
0
5
5
1
52
828
4628
0
7
41
571
518
9682
11235
0
7
7
1
14
134
2122
5572
0
8
32
56
316
8424
0
6
51
203
2346
0
5
32
11
52
33
949
0
7
25
735
4538
0
5
12
145
759
10605
0
6
23
333
513
0
5
11
22
86
4364
0
6
11
6
2
155
1759
12776
0
8
48
610
4337
0
5
19
442
1062
3457
0
6
17
497
11567
9100
0
6
6
1
73
417
1920
0
7
54
533
307
351
762
0
7
7
1
14
87
4220
0
7
6
21
159
493
2014
404
1812
0
9
240
4238
17430
0
5
47
205
1455
9808
0
6
19
53
556
4695
16002
0
7
27
224
5124
0
5
18
251
4931
0
5
5
1
44
658
5661
14851
0
8
83
509
736
0
5
12
113
433
4887
13062
0
7
30
684
1617
522
10434
0
7
7
1
27
39
328
15815
0
8
27
6
54
88
423
20808
0
8
8
1
16
213
3365
0
7
22
138
1477
13634
0
6
19
73
113
44
57
527
5063
0
9
93
410
9136
0
5
57
10
382
1016
18809
0
7
27
42
264
4555
0
6
27
6
2
166
1624
20224
0
8
47
114
1841
5468
15860
0
7
21
134
227
2283
0
6
19
48
180
1095
2866
0
7
13
261
2667
0
5
46
647
7753
7227
0
6
18
127
2701
9147
0
6
6
1
85
1733
13442
0
7
24
297
1293
9449
0
6
12
128
1757
10981
0
6
6
1
19
45
443
16731
0
8
64
1161
1970
8071
0
6
13
50
1719
2226
10204
0
7
33
277
7079
13042
0
6
13
13
1
28
550
7684
0
8
27
99
2599
4449
0
6
14
230
1200
0
5
77
1388
0
4
404
229
9798
0
5
9
138
152
1458
16209
0
7
41
347
1445
14733
0
6
27
33
48
112
379
17252
0
8
41
14
36
802
15208
0
7
21
132
2894
0
5
33
19
87
278
1287
5110
0
8
20
1175
7465
0
5
13
73
192
6417
0
6
39
224
264
177
2202
13477
0
8
19
26
882
507
6246
0
7
39
15
472
743
9599
0
7
7
1
101
522
256
6395
0
8
22
234
1815
3019
954
471
783
6352
0
10
222
2365
1085
0
5
51
416
3166
0
5
5
1
28
129
2926
0
7
34
642
0
4
118
2965
17918
0
5
15
50
159
357
2701
200
580
8032
12008
0
11
413
1069
14012
0
5
16
291
1455
359
954
52
451
0
9
142
1593
1183
0
5
14
126
667
4206
0
6
102
4050
0
4
45
210
1283
14699
0
6
10
73
118
53
385
4490
0
8
90
2190
0
4
18
256
99
197
3211
19245
0
8
12
245
9020
0
5
41
168
938
4715
0
6
31
1104
11948
0
5
11
72
892
910
7458
0
7
98
1437
0
4
35
943
0
4
4
1
113
361
2142
0
7
15
104
3371
7828
0
6
33
195
919
7457
0
6
6
1
19
176
1937
1397
15572
0
9
100
956
7138
0
5
48
233
683
15601
0
6
19
18
79
4138
0
6
6
1
26
201
5236
0
7
45
109
2759
9484
0
6
12
89
749
17309
0
6
6
1
19
27
269
1721
0
8
103
3017
17011
0
5
44
435
1172
20880
0
6
18
43
738
5761
0
6
6
1
25
613
4838
0
7
44
19
31
118
148
6611
0
8
32
633
1166
2764
0
6
20
284
3018
0
5
38
814
0
4
118
20
10
172
1272
3088
0
8
23
638
704
14600
0
6
23
6
2
467
7761
0
7
44
44
1
52
219
3203
0
8
21
335
3690
0
5
38
38
1
13
325
9320
0
8
13
5
10
42
503
5315
0
8
8
1
15
164
3706
0
7
36
368
5884
0
5
18
98
190
2409
18477
0
7
12
130
925
2002
3038
0
7
7
1
26
150
808
3996
11923
0
9
176
182
2326
0
5
28
320
5390
0
5
5
1
19
119
2365
340
4663
2153
14538
0
11
239
8317
0
4
110
840
16664
0
5
19
18
54
616
7321
0
7
45
189
5222
0
5
12
58
1642
14265
0
6
117
1093
0
4
27
189
15
87
439
8953
0
8
94
3565
0
4
12
22
402
4262
4152
0
7
34
381
6786
10955
0
6
29
1516
3491
9306
0
6
6
1
73
339
8381
0
7
19
60
1505
17480
0
6
12
32
197
338
9395
0
7
13
146
1249
0
5
66
1379
16555
0
5
5
1
30
716
10389
0
7
17
805
1506
16370
0
6
30
11
107
1818
0
6
6
1
19
44
198
2816
0
8
80
1626
0
4
80
4
2
215
1842
16086
0
8
12
56
896
18867
0
6
25
271
5830
14439
0
6
6
1
32
69
1125
956
344
12374
0
10
214
6408
0
4
32
12
27
128
660
6543
0
8
34
115
1588
0
5
77
619
9907
0
5
5
1
32
20
283
3009
0
8
18
173
2958
7142
0
6
45
173
6
3
1672
5260
9176
0
9
219
279
1068
0
5
27
44
90
473
7256
0
7
111
2093
11735
0
5
12
57
788
4153
0
6
29
165
1867
1296
10512
0
7
18
45
40
1088
4384
12134
0
8
53
509
870
5662
0
6
21
319
1920
940
4929
0
7
21
7
2
126
543
3823
0
8
21
8
2
8
2
2
1
87
230
718
3127
0
13
187
3015
6747
0
5
60
205
940
32
101
643
2498
0
9
86
1013
6710
0
5
14
581
2488
0
5
5
1
32
18
69
152
737
13138
0
10
151
1871
1949
0
5
14
20
132
722
13321
0
7
65
1245
0
4
163
1394
6973
0
5
16
631
3090
0
5
5
1
36
381
282
1571
0
8
77
168
589
5977
0
6
102
630
5896
0
5
18
52
432
2345
0
6
11
249
1957
0
5
11
5
2
100
560
1278
7221
0
9
85
881
0
4
53
137
1618
0
5
16
53
6
26
409
3179
0
8
48
578
10943
0
5
13
122
1931
4804
13781
0
7
82
1251
4699
0
5
12
188
2745
0
5
5
1
78
1780
4111
0
7
17
316
1179
18533
0
6
40
191
5234
0
5
17
11
67
1688
0
6
11
5
8
49
1250
10037
0
8
5
7
27
239
443
935
8173
0
9
80
326
1241
11636
5723
12925
0
8
17
31
585
3244
0
6
31
5
24
972
5514
16431
0
8
14
162
1352
0
5
11
44
273
13407
0
6
19
369
2182
5466
0
6
6
1
80
41
742
3018
606
12048
0
10
194
2347
0
4
129
837
5935
0
5
31
44
31
2
148
636
12113
0
9
67
88
1121
15251
0
6
33
734
7676
0
5
20
217
2352
9175
0
6
11
57
318
3202
8623
7181
0
8
70
1828
0
4
43
686
1348
18093
0
6
18
202
20180
0
5
29
335
633
678
16151
0
7
121
4149
0
4
22
523
5386
8109
0
6
22
6
2
65
260
12751
0
8
40
160
2221
0
5
30
481
4748
10689
0
6
17
135
3441
0
5
11
64
1085
945
5672
0
7
41
113
828
1390
14319
0
7
7
1
123
4250
0
6
25
480
9887
0
5
25
5
2
49
190
668
0
8
49
5
8
3
441
4685
16418
0
9
123
26
259
2897
0
6
28
661
4029
0
5
18
99
913
8616
0
6
11
59
1609
19529
0
6
6
1
51
1007
1843
7411
0
8
37
2394
0
4
107
567
13394
0
5
29
123
41
77
344
534
10995
0
9
49
58
667
980
17412
0
7
83
1329
1656
13302
0
6
38
772
2998
0
5
27
264
1093
680
15293
0
7
18
63
2036
21106
0
6
18
6
2
97
2662
0
7
13
335
170
4932
0
6
11
76
2583
0
5
31
228
4096
0
5
5
1
80
254
6793
0
7
23
841
9017
0
5
11
22
182
776
3182
6303
0
8
92
1637
0
4
92
4
2
47
1320
8060
0
8
12
371
9054
0
5
25
157
7375
0
5
5
1
42
847
13124
0
7
42
5
8
20
267
2254
0
8
5
7
10
304
2137
2230
0
8
8
1
23
60
535
3250
0
8
7
15
783
1169
20926
0
7
6
91
2006
15791
0
6
5
29
150
857
14254
0
7
13
109
1008
12772
0
6
13
6
2
75
2272
19191
0
8
34
684
1471
10837
0
6
12
81
1748
3048
0
6
6
1
54
852
0
6
5
39
1241
418
1684
0
7
39
6
9
189
845
6468
0
8
33
360
5402
5269
5879
2742
10487
0
9
14
420
1885
17791
0
6
21
640
8124
0
5
34
53
524
9069
0
6
11
154
4164
0
5
11
5
2
72
1155
12056
0
8
39
47
153
2754
0
6
19
445
5524
0
5
17
340
939
21730
0
6
11
25
160
358
1913
0
7
71
2281
2011
3027
0
6
13
110
948
0
5
24
491
8188
0
5
5
1
100
600
2304
12770
0
8
48
583
4860
0
5
12
119
983
2293
3373
0
7
36
649
11685
0
5
12
12
1
26
349
8419
0
8
25
55
1821
7930
6555
0
7
20
207
2255
20976
0
6
56
875
2250
0
5
26
23
204
2018
6031
0
7
18
300
2222
7274
0
6
18
6
2
112
1452
6433
0
8
39
112
6
9
146
954
1340
6375
0
10
241
2080
9167
0
5
36
67
533
1742
4940
8764
0
8
23
43
512
2290
2638
13906
0
8
8
1
77
384
12535
0
7
52
721
5515
3882
8250
0
7
7
1
14
189
204
68
3138
0
9
50
1408
0
4
323
4431
10453
0
5
48
127
1616
0
5
5
1
23
47
182
349
116
3410
0
10
68
28
467
1202
6418
15539
0
8
54
256
1383
2489
0
6
89
1291
0
4
38
428
6327
0
5
32
838
4362
0
5
5
1
38
12
155
1865
8926
5944
0
10
38
8
32
17
220
3015
883
8668
0
10
10
1
20
160
222
1511
18944
0
9
81
312
2663
0
5
33
291
1479
0
5
5
1
19
253
4506
0
7
106
2233
0
4
60
379
1613
19277
0
6
70
654
7764
0
5
21
303
5012
0
5
5
1
27
501
8873
0
7
27
5
8
64
617
5634
0
8
5
7
10
63
509
987
0
8
8
1
23
127
134
1775
7218
0
9
69
939
304
437
3870
0
7
22
489
7832
0
5
28
137
876
0
5
5
1
26
244
11163
0
7
17
109
426
3324
0
6
72
351
1958
11808
0
6
6
1
19
95
2073
0
7
19
5
27
70
88
767
0
8
59
631
963
4647
0
6
20
133
2867
0
5
17
38
151
997
0
6
11
367
7568
0
5
11
5
2
285
2972
0
7
37
647
1843
653
2867
25
328
1934
3509
15067
0
12
186
6441
0
4
144
4073
0
4
4
1
64
124
8433
0
7
27
62
2693
7746
0
6
45
1121
833
8416
0
6
6
1
19
78
949
2110
6834
0
9
128
1205
4567
9890
0
6
14
291
198
1258
0
6
6
1
21
179
3777
0
7
40
803
0
4
50
301
3392
0
5
81
225
4706
0
5
5
1
21
21
1
3
770
5175
0
10
185
2228
0
4
24
456
5486
0
5
18
392
5024
4054
0
6
45
73
1360
3745
0
6
6
1
28
182
327
2372
17043
0
9
73
14
68
329
2899
0
7
61
2439
0
4
37
132
1139
2284
0
6
25
133
161
3624
14481
0
7
17
163
1143
5687
7512
10234
0
8
182
38
171
6211
0
6
21
75
633
920
7998
0
7
21
7
2
173
1296
1263
0
8
21
8
2
8
2
2
1
67
449
16582
0
12
174
2638
444
10539
0
6
33
336
2477
10295
0
6
6
1
19
159
1838
16458
0
8
28
92
758
2854
13591
0
7
45
107
857
701
8299
0
7
7
1
22
295
2993
0
7
6
29
716
1451
0
6
5
134
319
1309
6363
0
7
13
606
1064
13878
0
6
13
6
2
69
329
126
1316
18424
0
10
165
1351
8394
0
5
27
234
1936
7942
0
6
19
67
87
1322
11293
6537
0
8
69
26
337
4602
0
6
14
159
81
207
599
5144
0
8
14
8
2
43
552
8914
13389
0
9
177
2000
11439
7805
7597
14137
0
8
15
807
4490
1896
11075
0
7
73
192
2023
0
5
57
1101
20059
0
5
5
1
103
1795
2684
18571
0
8
25
193
3688
0
5
12
151
353
3378
3461
0
7
30
1074
0
4
215
1538
0
4
4
1
28
147
3203
1752
9139
0
9
62
332
10122
0
5
29
137
433
2311
0
6
90
1483
0
4
23
462
9434
0
5
15
74
4977
0
5
5
1
34
802
2121
7154
0
8
62
33
202
1160
0
6
28
46
2243
0
5
18
304
483
3731
0
6
11
417
2425
20522
0
6
6
1
31
998
7613
0
7
80
996
0
4
52
673
14145
0
5
28
33
39
718
1486
10144
0
8
47
653
438
2744
0
6
29
81
164
1818
1658
7881
0
8
14
165
199
2683
19436
0
7
38
307
2470
18880
0
6
21
293
4242
0
5
40
405
7781
0
5
5
1
61
351
529
3893
8612
0
9
126
235
5053
0
5
13
245
2064
15827
0
6
30
154
906
11387
0
6
6
1
26
229
2267
0
7
49
1139
377
8317
1829
12743
0
8
64
496
11887
0
5
32
689
4787
7375
1062
2554
0
8
13
40
60
661
1205
486
8748
0
9
54
738
1998
0
5
22
323
772
1162
12512
0
7
42
1078
3344
10057
0
6
54
18
155
734
1355
0
7
13
34
179
504
9772
0
7
7
1
69
299
3760
0
7
6
22
35
2127
4944
0
7
7
1
14
134
355
10734
0
8
63
688
11055
0
5
54
41
1236
21686
0
6
25
274
14064
0
5
11
200
2245
0
5
5
1
29
171
463
7283
0
8
29
6
20
648
12672
0
7
43
338
1870
4186
0
6
11
26
132
505
3227
0
7
13
78
602
22872
0
6
13
6
2
360
1086
4892
7677
12308
0
10
403
3279
4007
0
5
48
885
0
4
241
942
3696
0
5
9
134
85
1623
0
6
28
247
3898
0
5
11
48
21
219
1806
3568
0
8
69
118
2116
0
5
13
48
13
2
49
191
1597
11528
0
10
48
9
35
128
662
11320
0
8
23
340
1100
8743
0
6
42
169
4603
0
5
29
103
402
2000
430
6890
0
8
19
467
939
815
5332
6207
10203
0
9
34
177
446
5638
3304
0
7
107
536
12641
0
5
29
29
1
141
6753
0
7
12
426
817
14945
0
6
47
328
763
5477
0
6
6
1
18
217
1566
9298
0
8
48
75
623
3137
9504
8982
0
8
8
1
16
1731
4218
0
7
35
88
831
0
5
47
34
60
271
1984
0
7
12
47
8
21
126
327
698
21718
0
10
112
1102
12468
0
5
22
244
885
161
687
5309
0
8
20
207
549
3351
5903
16539
0
8
8
1
50
771
5162
19703
0
8
7
40
317
3514
18511
0
7
6
81
409
1792
4399
0
7
7
1
22
40
16
74
486
332
508
3146
0
12
64
356
11038
0
5
55
1201
11782
0
5
5
1
22
22
1
3
803
822
22481
0
11
210
2493
0
4
231
10225
0
4
4
1
16
39
472
2595
0
8
63
317
62
520
20808
2834
9852
0
9
177
176
2259
8555
0
6
70
960
5336
0
5
46
531
0
4
31
517
8119
0
5
9
21
129
1757
2759
2432
14809
0
9
8
39
44
1760
8769
0
7
93
2850
8500
0
5
21
20
130
2316
0
6
41
367
979
11106
0
6
6
1
70
49
275
4038
0
8
31
46
51
1636
8125
0
7
32
465
3773
15266
0
6
20
32
7
9
49
22
112
181
5411
0
11
110
1370
19241
0
5
49
12
138
2768
18910
0
7
20
23
303
1135
19579
0
7
7
1
51
43
397
4258
0
8
51
6
40
169
313
10194
0
8
8
1
16
137
677
8606
0
8
7
24
954
1329
1672
2176
0
8
8
1
16
16
1
3
172
2482
14083
0
11
62
154
570
3604
0
6
39
123
1711
6669
0
6
6
1
20
64
208
4958
0
8
30
590
5378
0
5
82
2011
1463
0
5
5
1
18
323
554
12560
0
8
18
6
27
846
15321
0
7
63
201
2607
0
5
19
383
9982
0
5
5
1
25
519
11841
0
7
17
984
0
4
198
1077
5589
0
5
15
758
931
20933
0
6
37
1012
5704
0
5
11
83
1772
5806
0
6
11
6
2
457
6708
16247
0
8
58
1791
0
4
34
364
6592
0
5
23
154
105
4186
542
4105
13811
0
9
183
4904
0
4
18
80
763
417
777
0
7
63
80
7
3
134
522
2877
0
9
20
120
3860
0
5
34
39
134
12
198
77
1462
10182
0
10
397
188
2130
0
5
15
83
72
1273
17590
0
7
33
795
3965
11218
0
6
77
23
63
44
286
11538
0
8
79
2743
0
4
61
767
1279
22442
0
6
18
67
985
13981
0
6
6
1
136
5186
0
6
5
44
28
587
0
6
6
1
12
63
37
130
312
1424
11780
0
11
125
3721
0
4
39
78
642
2934
0
6
20
90
921
6195
0
6
6
1
27
192
986
0
7
76
1888
0
4
23
73
996
886
13851
0
7
11
35
519
192
18
67
67
1
24
274
718
890
0
14
740
18744
0
4
25
209
6451
0
5
73
29
583
1687
12204
0
7
30
258
9936
0
5
12
78
65
2093
2459
0
7
12
7
2
202
965
11392
0
8
123
291
1311
8782
0
6
73
33
144
1357
0
6
6
1
56
1689
14446
0
7
25
51
353
1048
0
6
12
33
19
275
416
3053
7096
0
9
198
189
1636
417
214
2567
0
8
42
686
2179
0
5
62
345
3784
0
5
5
1
40
385
3009
2558
0
8
18
106
1558
15913
0
6
41
464
7382
0
5
18
11
122
2363
14069
0
7
59
1472
11050
0
5
12
58
286
212
3617
0
7
12
7
2
98
2818
0
7
5
15
242
5586
13212
0
7
7
1
52
1044
5390
2804
0
8
52
6
48
697
13717
0
7
14
156
3645
0
5
26
852
1943
10586
0
6
16
436
9447
0
5
11
63
228
2081
0
6
11
6
2
51
124
1487
0
8
37
240
3502
4110
7778
0
7
37
7
2
15
61
279
2644
0
9
131
6707
0
4
201
421
7869
0
5
39
254
2112
20867
0
6
37
24
223
4311
0
6
6
1
82
461
4413
0
7
35
242
95
1601
16414
0
7
7
1
14
83
346
8141
0
8
59
130
299
1000
7808
0
7
14
13
882
3277
15529
0
7
7
1
22
590
502
10294
0
8
22
6
45
1384
15357
0
7
14
22
8
10
390
11024
0
8
5
72
388
4805
13098
0
7
15
93
662
908
10460
0
7
7
1
37
81
771
785
8187
0
9
103
906
1135
615
9916
0
7
15
23
333
3694
21000
0
7
7
1
23
8
41
220
1816
20437
0
10
51
148
2464
16097
0
6
66
2893
7172
0
5
57
1350
20051
0
5
5
1
26
186
1664
14702
0
8
30
336
1489
0
5
12
231
788
2788
0
6
29
353
307
1232
0
6
6
1
25
316
2602
22351
0
8
25
6
9
76
405
1237
13959
0
9
6
8
11
211
5537
0
7
74
855
8218
0
5
41
76
19
337
1453
12095
0
8
18
299
161
910
3292
12143
0
8
8
1
45
148
88
949
1705
12809
0
10
96
4539
0
4
223
210
863
0
5
35
204
1998
1222
9006
0
7
47
959
7798
0
5
12
88
28
510
9160
0
7
12
7
2
260
2524
7991
0
8
45
44
525
18118
0
6
79
553
4894
0
5
26
125
520
888
9536
0
7
24
261
3655
0
5
12
31
832
18568
0
6
23
169
784
5984
0
6
6
1
81
199
1371
15554
0
8
43
805
3050
0
5
25
131
308
4781
0
6
18
108
5593
0
5
11
131
11
2
68
1729
9557
0
9
142
3471
0
4
104
3395
5479
0
5
18
23
49
858
17871
0
7
66
210
116
2085
13267
0
7
7
1
56
503
3260
0
7
6
45
99
2555
14720
0
7
7
1
14
294
4946
0
7
6
14
6
2
53
2319
14480
0
9
53
5
46
930
4390
0
7
16
422
4626
0
5
10
170
2512
9410
0
6
24
121
2683
1473
0
6
6
1
40
517
1001
16161
0
8
110
937
11085
0
5
25
110
6
15
310
8774
11035
0
9
46
44
167
5049
0
6
12
150
2450
0
5
20
676
7002
0
5
5
1
38
1513
0
6
16
61
454
11830
0
6
6
1
12
24
59
415
5797
0
9
37
367
1026
12872
0
6
14
97
2595
1093
2611
0
7
89
2198
9304
0
5
38
37
19
284
3445
18524
0
8
77
785
391
8981
0
6
26
225
1949
3038
3378
1690
17668
0
9
41
307
341
4566
0
6
15
90
749
3524
0
6
6
1
62
636
2854
1841
3917
0
9
21
1094
19898
0
5
49
192
743
3749
0
6
19
53
157
2605
0
6
6
1
26
49
15
36
2346
4152
3349
0
11
232
12443
0
4
226
8427
0
4
4
1
19
27
795
866
16983
0
9
45
212
650
6415
0
6
33
715
0
4
18
244
1286
10558
0
6
10
194
2936
0
5
61
142
265
7710
0
6
11
45
28
353
437
2208
9232
0
9
36
59
149
5738
0
6
15
66
270
5672
2861
5157
0
8
131
301
2079
21473
0
6
14
157
89
152
3177
0
7
157
6
9
30
485
5580
0
8
21
116
297
3996
3516
12730
0
8
8
1
88
406
4477
0
7
23
319
1952
0
5
70
1216
12271
0
5
5
1
17
1069
3826
0
7
17
5
8
26
132
1569
0
8
5
7
10
97
214
812
23532
0
9
54
1621
0
4
114
4091
14836
0
5
17
26
24
244
121
304
1829
1721
3709
7159
6962
0
13
660
3398
0
4
22
643
3284
0
5
22
5
2
349
2465
13598
0
8
48
780
6392
9302
0
6
100
2619
18869
0
5
17
41
237
5910
0
6
11
149
139
5401
0
6
6
1
86
3317
0
6
5
19
196
5591
0
6
6
1
12
310
346
729
7322
0
9
83
735
4367
0
5
19
19
1
15
169
493
4306
17843
0
10
104
457
1161
4123
0
6
29
632
7069
0
5
21
158
5166
7774
6206
0
7
123
971
9345
0
5
12
45
214
128
1634
0
7
12
7
2
97
137
1309
2117
0
9
54
137
6
36
224
4065
0
8
106
939
1630
23699
0
6
11
95
812
157
211
657
19303
0
9
23
194
264
2992
4513
0
7
37
375
5069
20859
0
6
22
142
272
6436
0
6
6
1
90
360
1750
0
7
19
97
56
526
0
6
12
64
1331
9236
0
6
6
1
19
14
265
299
687
1596
7714
0
11
57
761
4611
0
5
93
816
12662
0
5
5
1
21
112
1442
8685
0
8
82
894
13900
0
5
12
40
517
517
1
16
479
7574
0
10
144
1089
24831
0
5
15
156
983
2810
0
6
54
116
302
5649
0
6
6
1
24
250
4727
16859
0
8
40
34
1282
17113
0
6
13
252
7462
11470
0
6
6
1
20
534
3135
0
7
100
241
1839
4947
0
6
12
60
1709
0
5
50
1675
16200
0
5
5
1
23
144
63
1025
12926
0
9
151
2194
0
4
289
19116
0
4
4
1
17
271
1737
0
7
40
59
410
4441
17530
8178
10633
0
9
24
74
834
13799
0
6
49
486
1694
7163
0
6
6
1
28
440
9341
0
7
28
5
53
509
2670
19137
0
8
95
210
709
6964
0
6
20
87
2320
0
5
17
52
1117
0
5
5
1
31
787
11558
0
7
31
5
8
26
378
17514
0
8
5
7
10
154
1443
24142
0
8
8
1
23
99
735
321
9417
0
9
75
1847
0
4
94
3912
15581
0
5
25
692
10786
0
5
5
1
23
23
1
3
1454
10997
0
10
38
643
408
13318
0
6
72
1049
9119
0
5
20
77
647
2666
5358
11070
0
8
51
1016
4560
0
5
13
185
2588
0
5
5
1
36
325
4071
0
7
75
60
178
6536
12072
0
7
7
1
14
278
4421
0
7
6
45
363
11134
0
6
5
27
617
2813
0
6
6
1
19
298
7881
2269
9946
9438
0
10
72
66
584
15049
0
6
15
265
311
7982
0
6
6
1
22
347
4490
2434
19413
0
9
117
4037
0
4
117
4
2
403
2095
21534
0
8
86
475
16163
0
5
53
188
1548
5130
0
6
31
165
2316
1808
22249
0
7
73
1406
0
4
28
207
1949
756
16436
0
7
11
360
387
7610
0
6
24
239
3669
10898
0
6
6
1
62
754
9443
5112
10015
0
9
62
7
23
164
2364
18076
0
8
58
1368
0
4
40
275
1429
24971
0
6
26
219
2141
10946
0
6
6
1
33
729
537
9753
0
8
24
47
1073
11060
0
6
13
169
536
2098
11762
0
7
43
1022
15316
0
5
95
277
4650
0
5
5
1
31
96
1114
13725
0
8
31
6
27
163
2729
9967
12567
0
9
72
155
2322
7576
0
6
13
40
67
1568
13364
0
7
40
6
9
16
440
328
2130
1682
21897
0
11
116
431
15508
0
5
45
205
3952
0
5
5
1
51
244
686
1511
3073
0
9
27
50
408
270
783
3428
0
8
60
241
426
2171
0
6
42
1531
23529
0
5
27
19
226
858
1077
1813
0
8
19
7
59
406
772
2408
5636
0
9
36
275
139
684
3430
0
7
14
268
6414
0
5
29
648
2347
3792
0
6
40
84
6998
0
5
11
79
1189
8273
0
6
11
6
2
238
9382
0
7
29
24
156
530
23218
0
7
7
1
88
824
12538
0
7
6
20
346
714
14693
0
7
7
1
14
52
426
87
433
2656
5725
0
11
38
374
7169
0
5
50
108
1190
17504
0
6
28
258
1694
478
21729
0
7
28
7
2
57
620
10659
0
8
103
1421
19445
0
5
26
232
977
22523
0
6
26
6
2
19
117
318
3852
19540
0
10
349
821
6444
0
5
21
639
6756
13524
0
6
19
18
977
27
146
3370
0
8
40
116
190
3787
0
6
14
81
1275
0
5
25
466
9889
0
5
5
1
93
678
3871
0
7
69
2425
2706
0
5
11
95
264
742
3950
0
7
12
617
418
3578
0
6
35
1373
22377
0
5
18
53
377
2630
0
6
11
24
150
1185
20057
0
7
24
6
9
196
866
1061
0
8
67
272
767
1916
20930
0
7
15
436
1673
16133
0
6
19
88
170
1253
7894
0
7
13
294
1285
0
5
46
1230
0
4
369
4024
14960
0
5
9
40
102
4170
0
6
27
112
760
20923
0
6
6
1
97
802
2822
7985
0
8
54
742
91
3711
8514
0
7
41
951
25113
0
5
32
2232
9283
0
5
5
1
25
129
2293
3576
0
8
25
6
34
754
440
346
233
4754
0
10
175
6147
0
4
64
841
3822
0
5
26
194
879
12223
7908
17034
0
8
27
66
541
17980
0
6
31
401
8831
0
5
19
104
961
10327
0
6
11
138
2273
20827
0
6
6
1
58
475
533
3561
8628
0
9
103
245
2808
0
5
26
45
395
11721
0
6
19
32
84
333
1671
7734
0
8
51
401
45
15
153
3716
8630
0
9
28
281
7179
0
5
28
5
2
267
3857
0
7
117
270
413
4969
0
6
35
210
763
2160
0
6
6
1
61
1232
1659
19144
0
8
41
137
1002
21729
319
1176
8467
0
9
41
9
2
36
411
6450
11684
0
9
7
39
1839
871
12067
0
7
6
33
550
5167
0
6
5
57
342
8433
3369
0
7
13
216
5993
0
5
11
118
2710
0
5
5
1
56
1001
1472
1967
11463
0
9
39
38
389
5746
0
6
32
111
4530
0
5
19
117
89
1271
17206
0
7
37
1047
18101
0
5
12
310
1143
3294
11294
0
7
12
7
2
78
2098
600
3804
0
9
39
39
1
49
897
0
7
14
362
11026
0
5
28
135
4192
10003
0
6
51
155
592
9339
9609
0
7
18
340
2765
0
5
18
5
2
39
32
67
329
3241
0
10
245
195
5024
3395
1636
2098
50
468
8184
0
11
103
207
725
16456
0
6
39
24
360
725
7
37
83
1215
10911
0
11
17
930
1611
0
5
41
160
3684
14927
0
6
22
794
16382
0
5
11
17
17
1
85
2868
16706
0
9
93
436
380
14231
0
6
20
543
4619
19512
0
6
6
1
19
135
95
441
4248
0
9
21
489
3642
15606
0
6
14
113
4288
0
5
41
52
561
6722
19719
0
7
70
1396
24683
0
5
12
146
503
1711
2520
0
7
12
7
2
114
1378
24211
0
8
248
8408
0
4
357
5247
0
4
4
1
55
2738
0
6
46
435
5086
0
5
34
384
3877
0
5
5
1
16
736
5583
20952
0
8
32
150
492
20317
0
6
24
132
1439
24857
0
6
6
1
20
99
1030
7254
6961
8724
0
10
166
5534
0
4
49
207
159
3385
0
6
19
109
3727
0
5
44
1719
5473
0
5
5
1
30
1517
0
6
16
54
473
4800
0
6
6
1
12
96
829
24415
0
8
62
892
5257
0
5
24
61
354
24823
0
6
18
227
5572
5799
0
6
6
1
25
480
4420
0
7
124
2215
0
4
64
475
437
1600
0
6
16
48
1477
5644
0
6
6
1
23
932
0
6
5
42
810
19332
0
6
6
1
12
60
824
751
13234
0
9
193
3430
799
17530
1215
247
3087
0
9
9
1
18
61
67
285
3780
7033
0
10
120
2579
0
4
56
376
11911
0
5
42
42
1
20
140
6131
0
8
97
589
4776
0
5
13
406
850
17226
0
6
55
192
1749
21942
0
6
6
1
24
111
395
513
5871
0
9
52
243
7138
5338
0
6
14
255
8331
0
5
32
196
680
4445
17390
0
7
117
414
8408
236
7188
16837
0
8
52
26
547
0
5
20
62
155
383
2740
24803
0
8
13
60
108
831
3067
24083
0
8
8
1
56
88
699
6723
0
8
7
38
463
3262
10830
0
7
6
57
496
3369
495
7585
0
8
15
573
11180
0
5
44
223
2143
0
5
5
1
33
521
6663
0
7
25
191
3210
0
5
11
377
775
9980
0
6
35
577
10519
6036
0
6
6
1
24
113
355
3342
16957
0
9
113
6
10
159
273
4780
0
8
51
472
3039
15357
2349
0
7
41
372
16006
0
5
41
5
2
358
4336
0
7
12
209
2631
20852
0
6
31
697
2491
0
5
16
240
2461
7381
0
6
11
65
2630
840
5296
0
7
24
58
697
19
320
5324
0
8
51
51
1
69
882
2418
0
8
8
1
7
19
16
33
103
504
3443
0
11
33
6
36
646
10047
0
7
15
128
1679
14265
5318
0
7
7
1
25
120
251
5996
0
8
32
202
2678
12753
0
6
26
192
234
3783
0
6
6
1
20
196
216
655
11229
0
9
121
1825
15204
0
5
88
189
2664
10000
0
6
19
62
214
1728
0
6
6
1
26
34
452
8514
861
18370
0
10
145
6143
0
4
304
1855
0
4
4
1
18
322
8256
0
7
70
513
281
774
0
6
30
423
6027
0
5
48
375
1724
7879
0
6
11
103
108
254
2580
0
7
24
136
2865
13595
0
6
13
267
796
13642
0
6
6
1
43
1284
20212
0
7
19
74
1588
5295
0
6
12
185
1471
4617
8181
13410
0
8
120
125
2357
12745
0
6
14
333
851
0
5
57
281
67
395
352
6549
0
8
19
33
162
5023
0
6
19
6
2
225
2159
0
7
46
568
17695
0
5
26
117
353
2066
11176
0
7
12
52
352
31
234
160
677
3163
9477
0
11
94
1578
10545
0
5
23
474
15642
0
5
5
1
86
1465
22449
0
7
28
762
6236
0
5
11
23
18
141
3479
0
7
12
40
1046
8820
0
6
63
1721
2012
0
5
18
16
245
759
6312
19974
0
8
84
948
4625
0
5
13
135
703
10286
0
6
24
147
3918
0
5
11
42
486
1716
14870
0
7
42
6
14
122
2848
0
7
7
1
68
2440
0
6
11
20
246
6472
0
6
6
1
12
63
58
317
3395
810
560
5263
0
12
9
257
11129
0
5
43
181
3319
0
5
5
1
22
792
8402
0
7
40
89
903
7243
0
6
34
259
5014
0
5
17
801
0
4
252
1852
0
4
4
1
26
158
2023
4039
0
8
98
2900
17643
0
5
21
794
829
668
5056
16781
0
8
13
106
2007
19009
0
6
40
46
189
315
8116
0
7
53
1243
0
4
37
871
1009
10498
0
6
17
52
193
634
19888
0
7
17
7
2
219
1576
17178
0
8
38
529
3929
23669
0
6
21
52
21
2
15
397
3204
0
9
109
752
17797
0
5
66
1161
2110
4387
0
6
20
138
1151
0
5
11
144
1916
1278
5395
0
7
44
548
12772
4928
0
6
18
201
2920
11390
0
6
6
1
109
37
74
319
1101
4146
0
10
384
842
21438
0
5
34
137
1115
20712
0
6
20
45
1161
52
67
314
10044
0
9
65
507
6184
0
5
20
14
210
1150
0
6
20
6
2
84
243
679
8398
0
9
20
9
2
9
2
2
1
55
707
17946
0
12
207
855
2799
0
5
32
489
957
13107
0
6
30
426
1512
26931
0
6
6
1
24
269
6015
0
7
98
187
5593
2702
0
6
12
31
348
11446
0
6
6
1
19
377
643
1906
0
8
156
1567
18048
0
5
44
123
2235
0
5
5
1
18
124
853
10331
0
8
18
6
27
1318
11573
0
7
45
109
130
3018
5417
0
7
7
1
22
273
659
9796
0
8
22
6
22
2
94
397
190
1515
0
10
146
1022
1761
0
5
44
50
1120
0
5
5
1
28
398
7048
0
7
34
158
280
8157
12655
0
7
7
1
14
146
27
58
338
4014
0
10
34
17
249
5612
0
6
48
544
12745
497
6680
0
7
22
55
147
392
4564
0
7
7
1
30
139
1710
0
7
6
22
15
259
341
2644
3154
0
9
172
3623
15527
0
5
64
961
1411
11950
0
6
19
137
222
4852
0
6
6
1
33
527
6603
0
7
33
5
21
294
1530
0
7
7
1
14
77
2053
16319
0
8
119
5066
7903
0
5
18
146
88
668
366
10409
0
8
13
366
5
11
300
5038
0
8
8
1
29
1751
0
6
48
96
1056
10789
0
6
6
1
12
208
3677
0
7
47
1922
7115
0
5
29
22
93
1223
21540
0
7
12
17
127
4864
0
6
24
242
3224
0
5
18
58
144
348
237
2519
0
8
49
1130
0
4
411
1427
0
4
4
1
46
427
9955
0
7
34
161
3074
0
5
28
188
2051
10343
0
6
39
1309
2469
0
5
11
86
603
8840
0
6
11
6
2
226
1890
7745
0
8
45
250
2359
11342
0
6
12
70
747
7256
5959
16578
0
8
14
136
730
9470
13002
0
7
51
864
14787
0
5
40
489
340
1387
23775
0
7
12
27
231
3188
0
6
33
170
1704
21326
0
6
6
1
82
2440
595
10777
0
8
39
72
2013
12295
0
6
13
162
722
5906
0
6
6
1
20
398
280
275
1949
2128
12029
0
11
83
1398
15209
0
5
55
258
1882
0
5
5
1
21
217
4152
2851
0
8
41
977
1847
2305
0
6
34
130
349
1867
6037
0
7
74
484
10366
0
5
25
921
3660
0
5
5
1
31
407
7778
3443
950
0
9
281
797
17407
0
5
13
72
78
1524
0
6
37
515
9298
4200
0
6
6
1
26
633
4825
0
7
43
671
11554
0
5
24
213
6909
0
5
5
1
17
225
818
8229
0
8
74
61
1235
9045
0
6
30
343
10419
0
5
18
232
1960
0
5
5
1
24
31
68
736
1395
0
9
67
549
4200
55
115
6188
0
8
33
162
142
2649
0
6
33
6
2
215
4703
0
7
64
364
3887
0
5
34
119
336
3379
0
6
16
812
2693
5038
326
5936
11139
0
9
41
140
1281
16336
0
6
15
402
4353
0
5
26
100
2580
966
25944
0
7
38
683
6600
0
5
12
224
2737
0
5
5
1
78
131
2955
0
7
17
107
4360
0
5
11
199
3288
0
5
5
1
17
12
25
171
4506
5260
6249
0
11
15
50
510
3355
0
6
56
1263
4966
0
5
21
213
146
413
1803
16961
0
8
108
1030
1495
8857
0
6
19
459
18756
0
5
19
5
2
113
1226
18959
0
8
19
8
2
8
2
2
1
54
1487
3665
0
12
57
1012
4036
0
5
23
950
223
1287
6908
0
7
83
276
9146
7595
0
6
43
208
439
6482
0
6
6
1
31
179
4640
0
7
19
43
14
359
6834
5170
23167
0
9
146
77
502
3631
22068
0
7
16
162
186
3553
0
6
28
418
2103
10209
0
6
6
1
35
1319
11236
0
7
19
35
6
9
30
236
1406
2474
23886
0
11
127
479
2800
16459
0
6
14
50
133
5126
0
6
6
1
30
21
131
168
6252
0
9
28
45
439
80
4088
0
7
39
392
621
10910
12028
0
7
7
1
23
109
704
6709
0
8
128
1277
8590
0
5
120
1148
8689
11746
0
6
41
237
521
1406
62
1245
6316
0
9
42
1037
8163
0
5
20
418
92
5120
14404
0
7
39
47
569
17249
0
6
27
464
3907
18470
0
6
6
1
52
863
3588
0
7
19
105
4178
0
5
31
150
1717
0
5
5
1
17
242
581
6392
3105
0
9
50
106
999
21486
0
6
31
20
52
32
853
801
1038
9651
0
10
737
6403
0
4
586
11104
0
4
4
1
33
349
455
11655
0
8
102
2205
0
4
11
150
50
38
317
1103
22232
0
9
45
136
561
1835
9401
0
7
71
5794
0
4
20
49
632
3103
9877
0
7
11
27
96
683
343
422
3520
0
9
27
8
42
124
867
18542
0
8
6
75
2761
24827
0
6
5
95
1893
20930
2294
10101
0
8
14
201
1011
0
5
12
290
8941
0
5
5
1
80
195
1981
0
7
48
730
626
11648
0
6
31
111
1670
0
5
17
129
2258
0
5
5
1
23
205
2589
23589
0
8
41
194
2246
0
5
12
41
6
26
428
5701
0
8
13
547
1667
0
5
13
5
2
352
1323
0
7
49
103
1413
12682
0
6
23
37
560
1228
26038
0
7
13
20
118
2142
7084
19324
0
8
33
155
1695
0
5
31
69
1558
4131
9119
2898
0
8
13
21
293
5098
0
6
34
511
27032
0
5
19
224
478
2535
0
6
11
148
3836
0
5
11
5
2
63
1284
1451
5361
0
9
153
2273
2310
0
5
12
90
3200
0
5
5
1
108
458
8120
0
7
69
55
577
1691
15949
0
7
7
1
14
157
3248
0
7
6
46
822
4737
0
6
5
27
191
1722
0
6
6
1
19
65
1152
21206
0
8
82
759
1392
10522
0
6
13
88
922
11430
0
6
6
1
20
116
2566
0
7
39
333
1502
0
5
37
133
406
1868
0
6
17
184
8165
0
5